18768111223
15023663934
13616555604
13758251024
13750821024
13094804590
13712345678
18789980806
18868700368
15505888250
13967161469
13336103666
13758251025
15558005686
18857123671
18551087726
13646704289
13588443036
13588881597
18968074346
18314868950
18611928086
18257193360
13615710977
18368123326
15356653568
13116772272
13634162369
13282017951
15088762461
18368169390
18368133913
13588193811
15168401829
15235791431
18668238935
18872857441
15237758692
18324457631
13858120552
18258919025
15057155548
15158801911
13958026049
13958110786
13488695501
