18768111223
15023663934
13616555604
13758251024
13750821024
13094804590
13712345678
18789980806
18868700368
15505888250
13967161469
13336103666
13758251025
15558005686
18857123671
18551087726
13646704289
13588443036
13588881597
18968074346
18314868950
18611928086
18257193360
13615710977
18368123326
15356653568
13116772272
13634162369
13282017951
15088762461
18368169390
18368133913
13588193811
15168401829
15235791431
18668238935
18872857441
15237758692
18324457631
13858120552
18258919025
15057155548
15158801911
13958026049
13958110786
13488695501
18868111834
13456982001
18058607988
18857123672
18969079756
18868825711
15394272413
13606614995
18167183786
18258992249
13291828367
15825763301
15968889466
13045710238
13516490008
13296719824
18855870654
13525187398
18257179541
15238150877
17189854368
1805715958
15988262438
13368133913
13758378476
15158000801
17767148842
15717839256
18239960647
15837712409
13867399888
12345678901
13216167313
13777810962
15943843876
18888775271
15555555555
18258864768
18768188342
13675858875
18868133885
15700171866
13732242000
15257185704
15825531595
18767183089
18257132895
13858134274
13606547505
15657189965
15924175225
18800005678
15980080432
15088697688
13758116649
15088674579
18257104837
13588454260
13185098341
13185052523
13616559563
15978818477
15257121679
15039790825
13588133224
18800002222
13606605596
15058121319
15617912112
13165965387
18368027699
15988173670
15069465566
15958033908
15589980806
18758363182
13867475877
18258811271
13588451626
13456796523
18267151147
15700119858
18668091087
18989864471
13732186071
13965512493
15058177806
18667190391
13675887655
13774094361
18858136891
18757145602
13738021085
15997634553
15905827971
13757127062
18855566370
15968811429
13757212468
13735584887
13867467504
18958077150
18258439055
18368801794
13796519079
15272676039
18924698821
18368194778
13735457097
15700117631
13777181787
13281967991
15867173439
18329199837
13625817582
18606698978
18758156099
18336043277
15869030477
13646850399
13600545955
15068146832
15988835531
15805819444
15183293365
18951093915
18968008669
13957194714
13738098338
18939216203
15157163736
15946352220
15325884846
18258459326
13216189105
15857171670
18602740870
13758420886
13605706414
18755965436
15381088622
13867490872
18767114720
15057141650
18258877159
18989458350
13655858084
18668206248
18056607823
15394272412
13764131037
15839916260
13666632526
15700171746
13750874289
18800009999
15157119659
15990077255
13758251023
13913995806
13567128270
15857102916
15868188633
18958076938
15868403060
18285414209
15757169034
13819469397
15868487716
13148381870
15115601820
18379380465
18872298154
15988103881
15716621156
15557180958
18874870272
15538792115
15585915011
15868464456
13819117045
13805760837
18800004444
18438883063
13017763212
18270403430
13567179724
18351263815
13282152466
13958103996
15257178182
15579811302
18589980806
13535125436
18069805889
13775943466
15715763975
13989802544
15957198873
13082977931
13606517512
13606546401
15267452104
13857552862
13735819066
15605889296
18268844127
15857161200
15168209723
12345678902
15372024445
17080954731
15057105220
15268134304
15168283524
18258475119
15990379673
18069676969
18800008888
18057150212
13173641588
13282133320
13616715536
13588148570
18657196139
13057108710
13757008865
18248562523
18211831220
15957633213
15167152225
18368101239
18737059395
15757120492
18968114883
15858209966
18314870171
13706503039
18767108035
15157108309
15168337811
13774478579
15255464767
18268198435
13758279903
13858057159
15068828257
13136157076
13588148571
13618461213
15067160609
18657190873
13567165509
18267106057
13671542445
18800005555
13205813081
13588806305
18258408926
15990192753
18968005235
13396555005
13123951579
13588325557
13188612572
18236272110
15553744299
13777832085
18689980806
15967106004
13757175749
13849749561
18321503090
18216217375
13588783005
13955779516
13854899254
15268522759
18857879625
18668439927
15757122462
18958073444
15267089119
13185012364
15267089102
13184177269
18182562627
13221053170
13003636947
18768480497
13968132097
13606636097
18357013459
18605885912
15838750524
15228632416
15958023916
18800003333
15888879426
18757574348
18861333009
15893608300
15858271893
13858132476
18800001234
13173658131
15775625696
15215597055
15966041494
18327436356
17739508681
13758177300
18868750747
18072952285
18439559891
17130069603
13858053055
18258852230
18268078139
13216703942
18857923952
15249824494
15224056011
15858287836
13900000001
18767181973
13777366987
18711973317
18668217371
18958158612
15088787952
18758363181
13868093838
15830728330
18586401859
18800006666
18605818498
13372562169
13185057851
18194183221
13588723577
15381105728
13634136160
15869186495
13083959477
15068725434
18857873301
15068620258
18069819965
13635665525
18866710290
17757550202
13705721162
15268154965
18457122591
15858041022
15068148496
13221064090
15257139576
15188467857
18258199556
15906626525
15967158193
15397110896
13552208230
15605721122
15267163176
18753795976
13867130702
15057125494
15257152492
13598462277
18910664518
15858176991
18361912159
13695470208
15888955722
15988832046
15268821380
18758363439
13758378477
15157155832
18117349156
18368194779
13185711929
15715767086
18658803683
15557185512
15658109930
15618859307
18715367532
13777499812
13456940901
18069776221
13989832140
18601637707
13958167903
18657122827
15167113839
18658166296
15558005687
18968090649
18258262805
18968005850
18314873545
15958023917
15557878607
15850666547
13586380587
15505511665
18267154293
17857253305
15999798067
13817991815
15258871687
15057155142
13666674351
13235715799
18268046913
15088605929
13588820494
18458125737
15870962095
15958023920
15372051656
13738040337
18767183090
13040777786
15868823119
13588824190
13819151878
13575706342
18735629153
15715749599
15055524207
18888775380
13989851501
15990059144
18858158452
18305818839
18204678044
15858122721
15958169653
15988855468
13588278704
13625519347
18329193696
18867530682
15658086247
15057185640
13336081826
15988853078
15957167190
18698566488
13357171021
13018954076
18375383285
13757177439
13735457010
13838892720
18758055420
15928559740
13073607486
15267019539
15068810653
13757152746
15325888517
15958122083
15057112877
13958179822
15857140053
13626843093
18258135898
13282416961
15268121269
13858157343
15981908101
13805761419
15355813977
15267089116
13291425130
18255691588
15728001411
18757564485
18067956370
13064717821
18158434204
15058157999
18757102502
13777433230
13750870042
15067114937
13968065657
13757270212
13386536981
15225724057
18668001129
15092513761
13675711631
13606534322
13771773337
18800001111
13606550685
18993231678
13646714656
15990104513
18307483902
18258204149
18599074025
18858262471
18258280498
18379319838
15381235588
18957140504
15355460036
18314855321
13093736896
13173677043
13735489363
18858173380
18889980806
13588149519
18198910321
15267452103
13588179547
15067120742
13588194587
13588815771
18858331113
18800007777
13335718090
15384068259
18312522840
13509590564
15394272411
15068762805
15355278589
13967155381
15158826787
15906666992
13185098340
15824127226
15925634443
15290326255
15990197631
13855867226
18739779254
13567164777
13732204629
15268815527
15988853079
13735487982
13600549771
13365573996
18705739337
15958199806
15957203020
18867114258
18806510120
18357134371
18336771339
18458889771
15857110505
13429663129
15824471555
15893712145
13165971012
15158090044
13221052367
13588735960
15167102770
18358162372
13488330464
15088532883
13819452030
13758173150
18072753210
18157170960
18006782175
18967896789
18912341234
18036932123
18211901653
13456958433
15738407887
15158888948
18294534195
13525428875
15957153396
18503791614
18268188500
14792865163
16888888888
12312312341
13093715307
13588073925
13966190476
18358172103
13208043928
18267166096
17767050353
15715812955
13867423995
13306518942
18924681357
13989871839
13695800953
13175357250
18989870787
13588714831
13750888233
13733601138
18867683833
18458889923
18768199301
15669952459
12345678900
13165990477
13968109824
15068866421
15290649627
18657203090
17858840882
15136395869
13336108213
15559579753
15868456142
15237714293
13023627330
13857167765
18858184699
18913572468
13868083743
15968101252
