483;37;4;2;5;赵建农;物业人员;1;13282017951;15098260790;李清华;deaff7bc0a18b28dfe0b35925944ea77;;山东曲阜市天官第街61号;370823197211111119;1;1;2;0;1.2.3;1;80;5;0;1;83;83;1;0;0;0;201707;201707;06/22/2017 14:07:04;06/02/2017 11:11:02;离职人员
830;74;4;2;5;李成海;物业人员;1;13587337495;;;8e59f3e8e1f88483139dab6371dad92d;employee/170521/1495337519.jpg;;;1;1;2;0;1.2.3;1;80;5;0;1;83;83;1;0;0;0;201707;201707;07/17/2017 15:02:45;06/02/2017 11:11:02;离职人员
926;73;6;2;5;魏爱荣;物业人员;2;13598908310;;;e9fd84f27d8c07e2b918ea8f51c491bc;employee/170613/1497352786.jpg;;;1;1;2;0;1.2.3;1;80;5;0;1;83;83;1;0;0;0;201707;201707;07/01/2017 11:28:05;06/13/2017 19:14:34;离职人员
510;37;4;2;5;吕银进;物业人员;1;13635665525;18268887293;吕晶;29d16090d08eed26d50c58dace4c11b6;;安徽池州市东安县洋湖镇东风村洪溪组;342829196401271711;1;1;2;0;1.2.3;1;83;5;0;1;83;83;1;0;0;0;201707;20170723;07/25/2017 15:25:27;06/02/2017 11:11:02;离职人员
920;61;4;2;5;李林园;物业人员;1;13781775831;;;60e09c158e8c15f8f61ce7abbf756917;;;;1;1;2;0;;1;80;5;0;1;83;83;1;0;0;0;201707;201707;07/21/2017 17:52:49;06/11/2017 09:48:04;离职人员
855;34;6;2;5;孙学英;物业人员;2;13868057297;;;cdeb242f506574ecf744992098cd7290;;;;1;1;2;0;1.2.1;2;80;5;0;1;83;83;1;0;0;0;201707;20170703;07/11/2017 15:12:16;06/02/2017 11:11:02;离职人员
827;74;4;2;5;徐富根;物业人员;1;15067021492;;;eff795c3bb293f3385c0345c7e2cfbe2;employee/170521/1495337251.jpg;;;1;1;2;0;;1;80;5;0;1;83;83;1;0;0;0;201707;201707;06/24/2017 18:27:18;06/02/2017 11:11:02;离职人员
842;37;4;2;5;柳德惠;物业人员;1;15234714868;;;16e682b925569de08ae62f4b9e237a99;;;;1;1;1;0;1.2.3;1;80;5;0;1;83;83;1;0;0;0;201707;20170703;07/11/2017 10:20:52;06/02/2017 11:11:02;离职人员
441;36;6;2;5;李倩倩;物业人员;2;15728001411;;;549502e05e2d69c86bd4435546a3db77;;;;1;1;1;0;1.2.1;2;80;5;0;1;83;83;1;0;0;0;201707;201707;07/11/2017 15:06:53;06/02/2017 11:11:02;离职人员
938;61;4;2;5;石豪威;物业人员;1;15757173437;;;07c6c41c1f62b6826330a04fa4fa2c53;;;;1;1;2;0;;1;80;5;0;1;83;83;1;0;0;0;201707;201707;07/21/2017 17:51:29;06/30/2017 17:50:23;离职人员
831;76;2;2;5;王小英;物业人员;1;17767163186;;;867258c0e8eb2afd3c67491cbcef475a;employee/170521/1495337554.jpg;;;1;1;2;0;1.2.3;1;80;5;0;1;83;83;1;0;0;0;201707;20170716;07/25/2017 11:34:18;06/02/2017 11:11:02;离职人员
939;74;4;2;5;钟超;物业人员;1;18268085491;;;6469ea524a79538a72efd5c6cb4b68e3;;;;1;1;2;0;;1;80;5;0;1;83;83;1;0;0;0;0;0;07/17/2017 15:02:34;07/01/2017 11:36:15;离职人员
795;63;6;2;5;储彩虹;物业人员;2;18268828584;;;9963e363f63e8de443140ad439538a42;;;;1;1;2;0;;1;80;5;0;1;83;83;1;0;0;0;201707;201707;07/15/2017 11:30:18;06/02/2017 11:11:02;离职人员
856;37;4;2;5;胡明川;物业人员;1;18817214130;13602584828;黄成家;a466655dc1a8eec45ad298b9a2baedd8;;;342921199105031818;1;1;2;0;1.2.1;2;83;5;0;1;83;83;1;0;0;0;201707;20170714;07/17/2017 16:46:46;06/02/2017 11:11:02;离职人员
