50642,21
50643,22
50644,23
50645,24
50646,25
50647,26
50648,27
50649,28
50650,29
50651,30
50652,31
50653,32
50654,33
50655,34
50656,35
50657,36
50658,37
50659,38
50660,39
50661,40
50662,41
50663,42
50664,43
50665,44
50666,45
50667,46
50668,47
50669,48
50670,49
50671,50
50672,51
50673,52
50674,53
50675,54
50676,56
50677,57
50678,58
50679,59
50680,60
50681,61
50682,62
50683,63
50684,64
50685,65
50686,66
50687,67
50688,68
50689,69
50690,70
50691,71
50692,72
50693,73
50694,74
50695,75
50696,76
50697,77
50698,78
50699,79
50700,80
50701,81
50702,82
50703,83
50704,84
50705,85
50706,86
50707,87
50708,88
50709,89
50710,90
50711,91
50712,92
50713,93
50714,94
50715,95
