15168209723;管理员;f3bff7e836604e4113d7a74aa8cc5e56;0;20,19,18,17,16,15,14,13,12,11,10,9,5,2,1
15555555555;贝儿;9542f7bcd85b1bd50da90bdd2c21d00f;2;20,19,18,17,16,15,14,13,12,11,10,9,5,2,1
13758251024;基德;862f0e116dfb4d921a10be92a1a557fc;1;18,17,16,15,14,13,10,9,2
16666666666;毛术安;32f68a60cef40faedbc6af20298c1a1e;2;5
18257193360;郭桂英;3aa20c424608f527548898d06c1140eb;2;2
18314868950;孔晨晨;709dcaa888e8bbcd0013ab4d40001c25;2;
18789980806;路飞;23e8e998df7b9658ff651c2b26d881f5;1;22,21,20,19,18,17,16,15,14,13,12,11,10,9,5,2,1
18857123671;江升华;cd0d964d492f972fdb29687743543bbc;2;20,19,18,17,16,15,14,13,10,9,5,2
18368123326;罗永源;824f13cd09f2f1fc280f967ea905f883;2;18,17,16,15,14,13,12,5,2
13616555604;刘艳青;93115a173ac5731bf38a392d73338bd2;1;1
18888888888;董晓铭;32f68a60cef40faedbc6af20298c1a1e;20;1
18551087726;洪璐;18c396df3c3f3cb9e4fb1ac043c53f84;20;20,19,18,17,16,15,14,13,10,9,2
18888775271;碧景园;32f68a60cef40faedbc6af20298c1a1e;9;9
15957633213;黄龙雅苑;32f68a60cef40faedbc6af20298c1a1e;10;10
13588443036;冯瑾;52a9e7a028365f63e6498e4159f6ce58;2;20,1
18611928086;贾利鹏;cce0f80174e420ef3ff2b135df88543f;2;18,17,16,15,14,13,10,9,2
13336103666;陈坚;0e70463d56d6bc65144552afbd9be6a0;10;10
13967161469;李勤林;cd1e04052083766bf7da7d6264ed789f;9;9
15505888250;丁凯;cc784a1e8912a72ddffeee37837bcf10;13;17,16,15,14,13
18888775271;周建辉;642815095d38a5c3b0244a4a2babb101;9;9
15957633213;金思琪;4b4606688012ae4c7dda909623d507b5;10;10
13758116649;徐威明;c73afdcb054ec4e4459931ac354d1ecd;13;17,16,15,14,13
13372562169;章金平;e6ea869007bfd866b25312e11e7f1dda;16;16,14
18868700368;龙耀芳;1101836270b21f58905ca26eb1513f7f;18;18
13588194587;韩卫平;644e2f8748ab1a6b5a1191298006e613;18;18
13858120552;翟电;8d1699c721b65e2ea84a341e0d060df3;2;2
13094804590;管理层亚奇;8f0a3bd6496da630de23ea538d2e9e9c;20;20,2,1
15957203020;汪谢景;d5de60c1606165fde9fbb609500d5652;18;18
13646850399;续珣;a8e909c197ddb6542c2eae6737c94c4c;19;19
13588881597;黄山;bc5ecde0bd92fa39f07eec324c510f7c;12;22,21,20,19,18,17,16,15,14,13,12,10,9,2
15925677587;方瑜瑜;48481503a5654c932d428e57e7cdf3e3;21;22,21
18072753210;翟学南;6a852e0236fa3b643e766cdd35c0a5fd;21;21
18858184699;侯朝洋;0a1936688985fda9a56df3047048ac60;22;22
13516811716;於慧萍;7461fae9793e4c3f1ff0c89c94e61f4f;22;22,21
15088532883;杨俊敏;d93443a7392bbe582653525143def8de;22;22,21
13989803986;钱塘品管;06587296bd9bce60a4aaf67d1dc9ebe6;17;17,16,15,14,13
13819163873;代志锋;a8660647416ecac607cb197c5c07c94c;22;22,21
13968070555;陈宇阳;829b51559b7a5e61e1b0f6fd01bfc014;22;
13812289135;张耀文;acea8bed5615aea26af621eb62d9a1dd;22;
13967120605;王继明;acd31e03fef6ceb7fe6177bc3484cf36;22;
15958028212;叶剑;7c630b81b5558626198370836ba33e1c;22;
