盐湖提锂 1 2 5 22 27 61 32 69 79 87 77 88 112 130 122 121 126
储能 2 1 2 5 6 23 17 27 42 54 74 85 109 127 119 118 123
稀缺资源 3 32 16 6 3 4 4 3 3 2 2 2 4 5 4 3 3
种业 4 4 4 3 17 8 13 11 11 9 10 19 20 35 32 31 13
高端装备 5 5 8 8 15 13 30 47 51 57 48 43 44 56 64 64 69
军民融合 6 13 15 17 28 31 35 46 48 66 46 53 57 70 80 92 117
特高压 7 10 14 11 12 6 15 17 19 15 22 18 35 36 29 27 25
国防军工 8 19 19 25 25 26 23 31 37 46 31 42 42 55 67 68 85
特钢 9 9 27 27 45 37 34 19 22 14 18 15 29 34 44 43 44
稀土永磁 10 7 3 1 1 1 1 1 1 3 3 3 2 3 2 4 5
绿色照明 11 24 11 13 10 9 7 7 7 7 6 9 11 13 16 15 26
新材料 12 16 35 45 50 56 53 56 53 53 73 84 108 126 118 117 122
氮化镓 13 28 13 19 5 10 6 2 5 6 5 8 8 10 26 24 38
光伏概念 14 15 6 9 11 12 12 13 17 24 29 17 16 21 21 22 27
碳纤维 15 14 12 15 14 15 20 41 33 31 28 29 34 20 23 25 20
节能 16 21 24 36 36 33 41 40 36 28 27 33 38 45 34 33 36
充电桩 17 18 7 12 13 11 10 15 18 38 39 27 25 32 27 30 33
钛金属 18 23 28 20 26 28 22 22 24 23 23 23 36 23 30 26 23
水利建设 19 11 17 26 24 19 42 42 46 16 34 35 37 47 45 48 39
工业互联 20 20 21 24 18 18 33 49 47 36 32 38 32 28 39 55 56
CRO概念 21 12 25 7 20 25 55 71 50 26 75 86 110 128 120 119 124
氟概念 22 6 1 2 2 2 2 5 4 4 7 6 6 6 7 10 7
涉矿概念 23 8 10 16 22 21 16 16 16 13 13 14 19 19 20 17 18
光刻机 24 33 32 32 4 3 5 6 9 19 11 31 30 27 57 57 87
草甘膦 25 22 22 18 8 7 8 20 12 11 20 10 9 8 12 12 12
有机硅 26 3 9 4 7 16 19 10 8 8 8 5 3 2 8 9 8
超导概念 27 26 39 33 47 54 50 54 55 69 64 54 52 48 25 21 24
3D打印 28 29 36 43 35 30 36 44 43 41 25 46 41 42 62 62 66
核电核能 29 30 48 49 55 58 62 55 75 59 67 58 64 79 76 59 55
风能 30 17 23 29 29 40 24 23 30 35 43 45 47 51 52 50 45
无人机 31 37 51 54 52 51 49 63 74 107 81 79 85 118 137 136 154
燃料电池 32 25 26 14 23 17 27 28 38 40 38 41 28 33 31 38 34
卫星导航 33 54 53 58 66 72 65 62 64 89 56 76 91 107 110 125 155
数据中心 34 36 40 41 39 42 39 35 39 32 36 48 51 57 56 53 59
超级电容 35 44 33 46 46 47 31 24 32 21 14 11 12 11 11 8 10
氢能源 36 27 34 30 40 39 37 32 29 44 63 36 31 26 19 18 19
智能电网 37 35 18 21 19 14 18 18 23 27 26 22 22 30 22 23 28
国资驰援 38 50 54 69 56 49 45 34 28 29 17 21 21 22 24 19 29
芯片 39 52 38 40 34 43 29 12 13 20 15 28 27 31 38 34 52
多晶硅 40 31 29 23 31 29 44 39 26 43 53 20 14 14 9 11 14
透明工厂 41 39 52 57 53 63 69 89 90 110 100 99 80 69 99 90 104
OLED概念 42 42 47 47 30 36 25 14 15 18 16 34 33 29 35 32 32
5G概念 43 45 44 51 44 52 47 38 40 39 41 63 60 63 63 42 62
ETC概念 44 67 69 76 65 55 51 36 31 30 21 40 39 38 49 39 83
乡村振兴 45 34 37 31 32 27 21 29 21 22 33 13 10 12 15 28 15
石墨烯 46 40 31 35 21 20 14 21 14 17 19 16 17 17 17 16 16
锂电池 47 51 20 28 16 22 9 9 10 10 12 7 7 7 6 7 6
量子科技 48 49 42 48 33 24 26 26 27 25 24 37 49 68 54 49 58
三板精选 49 47 68 82 97 109 119 106 88 52 72 83 107 125 117 116 121
民营银行 50 46 72 67 82 92 107 142 144 148 146 144 152 159 161 163 158
皖江区域 51 41 58 65 68 65 54 52 70 83 103 60 59 49 61 79 57
智能机器 52 56 66 73 71 82 79 87 96 99 90 69 76 67 65 71 79
电子支付 53 63 64 75 81 75 60 50 45 48 40 56 67 58 78 72 103
铁路基建 54 43 57 55 60 57 57 57 63 56 66 55 66 83 91 98 112
免疫治疗 55 64 61 34 51 46 125 117 142 137 154 156 94 86 51 70 60
武汉规划 56 58 62 68 63 62 66 75 78 79 86 96 84 104 108 103 102
黄金概念 57 53 55 56 58 64 40 30 20 12 9 12 24 25 28 29 21
空气治理 58 38 50 42 49 41 48 48 49 47 49 39 53 52 53 58 50
人造肉 59 55 102 88 111 93 97 123 117 106 109 113 122 134 136 102 71
胎压监测 60 90 88 64 76 73 89 77 89 98 89 108 74 89 87 109 110
抗流感 61 66 67 44 48 35 83 100 121 112 136 133 78 59 36 41 35
航运概念 62 74 82 89 90 83 111 122 102 65 76 87 111 129 121 120 125
新能源车 63 61 41 37 37 38 28 25 25 34 37 26 15 18 18 20 22
华为概念 64 79 70 74 67 81 67 65 67 90 85 100 86 94 85 69 84
虫害防治 65 57 60 61 69 53 56 68 61 63 69 66 61 62 66 87 43
工业气体 66 59 85 94 87 107 117 104 86 50 70 81 105 123 115 114 119
降解塑料 67 71 87 80 72 67 59 59 56 58 58 50 45 37 37 35 30
一带一路 68 68 89 86 104 113 115 119 114 104 110 114 131 116 131 129 89
磷概念 69 60 30 10 9 5 3 4 2 1 1 1 1 1 1 1 1
云计算 70 70 59 71 59 60 75 78 77 74 65 73 79 73 93 106 115
雄安新区 71 65 74 60 74 70 64 72 76 72 83 67 73 100 90 96 107
无人驾驶 72 96 65 66 61 69 61 74 81 116 105 110 75 106 109 130 142
分拆预期 73 76 71 70 80 79 99 120 120 117 128 118 96 99 69 66 67
操作系统 74 80 56 85 62 59 58 53 59 62 45 71 55 44 55 54 63
口罩防护 75 77 63 63 64 80 86 112 109 121 130 117 102 87 83 97 109
新冠检测 76 88 75 53 54 45 123 127 161 167 172 173 169 168 145 152 153
信息安全 77 69 43 59 41 34 43 43 44 33 30 51 46 41 43 44 51
苹果概念 78 97 95 101 86 120 110 95 107 124 124 126 141 145 134 73 78
智能交通 79 93 77 79 84 85 87 103 100 88 84 72 63 72 50 65 77
垃圾分类 80 75 83 72 75 66 63 64 57 55 52 47 48 46 41 40 42
污水处理 81 72 78 78 85 86 68 66 58 49 51 49 50 50 48 47 40
BIPV概念 82 48 49 39 43 44 52 45 41 71 44 32 23 24 5 6 4
C2M概念 83 73 122 132 152 147 143 151 156 130 143 138 125 103 112 133 130
地热能 84 86 105 103 99 88 96 107 94 86 61 59 69 66 72 56 53
页岩气 85 62 84 84 108 116 108 99 106 100 102 111 130 136 146 145 111
数字货币 86 108 100 110 100 94 70 58 52 64 55 64 70 61 79 85 133
钴金属 87 78 46 38 38 32 11 8 6 5 4 4 5 4 3 2 2
字节跳动 88 81 97 118 121 112 95 101 103 109 106 104 88 84 101 99 106
PPP模式 89 83 103 92 98 102 94 93 101 81 92 92 99 111 113 134 118
汽车电子 90 109 80 81 77 84 71 51 60 77 54 80 81 82 86 76 91
含可转债 91 94 94 83 92 96 82 85 92 84 101 94 82 74 70 60 64
物联网 92 103 73 87 79 77 73 60 65 68 59 70 65 71 81 75 96
虚拟现实 93 104 98 114 96 111 100 82 84 103 95 97 87 91 132 111 143
生物疫苗 94 87 76 52 57 48 113 114 130 128 147 151 100 75 40 45 47
油气改革 95 82 91 96 101 115 74 88 69 60 60 57 58 40 47 52 31
可燃冰 96 85 104 106 110 124 101 109 80 67 68 68 92 101 127 138 72
特斯拉 97 89 45 50 42 50 38 33 34 37 47 25 18 15 14 13 17
人脑工程 98 112 134 119 114 108 118 105 87 51 71 82 106 124 116 115 120
土地流转 99 84 79 77 91 104 77 67 54 61 50 44 40 39 59 77 68
国产软件 100 95 81 91 70 68 85 98 104 92 96 115 95 90 100 127 145
赛马概念 101 92 101 107 102 87 109 91 113 102 113 109 142 154 152 151 139
地下管网 102 100 117 125 126 133 135 132 131 118 122 112 124 133 125 124 129
黄河三角 103 102 118 102 94 91 78 73 68 70 82 65 71 54 46 46 37
大数据 104 110 92 95 83 78 84 92 95 94 88 74 68 60 60 78 80
央企改革 105 99 111 116 127 129 127 126 125 111 115 119 136 140 139 107 82
MiniLED 106 105 110 104 103 130 98 86 71 73 79 90 114 132 124 123 128
生物质能 107 101 109 111 112 97 81 84 83 76 87 78 89 97 98 86 65
粤港澳 108 91 99 90 105 114 121 121 112 93 104 93 98 95 104 95 90
抗癌 109 123 130 97 120 101 160 164 168 163 167 162 135 108 75 81 70
互联金融 110 106 112 113 116 119 102 125 110 119 111 95 90 78 97 113 105
智能家居 111 98 116 130 128 117 128 138 141 133 141 128 139 113 103 112 108
小米概念 112 132 132 149 135 146 132 124 127 142 126 131 147 141 149 140 151
智能穿戴 113 125 106 120 106 123 105 83 93 96 94 101 103 92 114 82 86
创投概念 114 107 108 115 109 110 104 102 98 95 97 98 93 88 96 91 94
智慧城市 115 118 96 98 89 95 93 97 105 101 93 77 77 80 77 84 93
分散染料 116 122 125 134 142 148 141 140 122 108 107 107 120 155 144 137 147
无线耳机 117 131 90 99 78 105 88 61 73 105 99 75 72 64 68 36 49
含H股 118 111 127 128 140 142 134 133 135 115 131 135 149 153 159 154 144
ST板块 119 120 139 136 134 137 129 111 85 78 91 91 118 117 89 67 73
消费电子 120 138 124 140 125 143 130 108 119 141 135 136 145 139 130 74 95
烟草概念 121 140 115 93 107 74 76 76 66 45 42 24 13 9 10 5 9
人工智能 122 128 114 131 113 100 120 110 115 134 121 125 101 76 102 105 99
环渤海 123 119 136 135 147 155 140 141 139 120 133 142 151 158 160 148 136
超清视频 124 130 107 100 95 103 90 70 72 75 62 62 56 53 42 37 41
百度概念 125 137 129 109 118 122 122 118 123 127 117 139 121 152 154 166 171
阿里概念 126 114 131 124 132 118 106 115 124 131 134 106 115 85 92 100 98
三网融合 127 126 113 121 124 121 112 113 108 97 98 121 117 114 126 131 138
聚氨酯 128 124 123 105 73 71 46 37 35 42 35 30 26 16 13 14 11
维生素 129 113 138 122 137 132 150 157 155 145 153 153 160 164 165 157 161
安防服务 130 133 86 108 93 90 80 79 82 91 80 52 43 43 33 51 54
MCU芯片 131 116 120 117 130 160 116 80 62 82 78 89 113 131 123 122 127
养老概念 132 135 145 150 154 153 155 153 153 147 151 157 165 171 163 158 159
地摊经济 133 115 93 62 88 89 72 94 97 85 119 127 97 148 133 132 137
海南自贸 134 139 142 137 145 149 154 137 132 123 125 116 133 146 143 139 141
水产品 135 147 164 163 162 163 152 148 140 156 148 149 140 138 138 143 113
RCS概念 136 141 137 138 136 135 139 145 143 170 149 154 146 151 155 173 168
工业大麻 137 117 135 127 133 128 145 149 148 140 139 137 137 119 135 135 131
成渝特区 138 158 154 154 165 162 167 169 166 162 161 152 127 96 74 88 88
远程办公 139 129 133 143 129 106 126 129 146 139 138 134 123 81 84 83 100
海峡西岸 140 151 158 164 170 171 165 160 154 132 144 124 119 102 73 63 48
区块链 141 144 140 141 131 126 124 128 128 149 137 141 148 142 150 159 160
次新股 142 152 155 153 155 154 142 139 145 155 158 159 162 162 173 176 169
食品安全 143 136 126 126 119 99 136 144 152 158 163 170 176 177 177 177 177
博彩概念 144 148 146 145 141 151 146 150 150 153 145 148 157 170 172 170 164
农村金融 145 143 151 142 143 138 131 136 138 136 118 102 104 110 88 94 97
医废处理 146 121 121 112 115 98 92 90 91 80 57 61 62 65 58 61 46
金融改革 147 153 156 152 148 145 138 146 133 129 129 122 126 121 128 128 116
智能电视 148 145 150 161 158 164 148 135 136 143 123 140 144 149 162 142 132
婴童概念 149 134 141 139 149 141 157 159 157 161 164 158 166 161 157 161 157
长三角 150 156 149 146 153 150 147 154 151 135 142 130 129 112 94 89 81
长株潭 151 146 143 157 160 139 153 147 147 154 155 150 128 98 95 110 75
智能医疗 152 154 148 148 150 131 162 165 163 164 160 164 154 144 141 153 140
民营医院 153 162 161 158 161 144 173 168 171 173 174 174 163 135 82 108 61
仿制药 154 161 162 144 144 134 170 172 174 172 173 171 161 167 151 150 148
知识产权 155 157 144 151 139 140 144 134 129 146 132 145 138 120 142 149 163
电商概念 156 150 147 147 138 127 133 131 118 113 120 103 83 77 71 80 76
跨境电商 157 155 160 159 163 157 158 166 167 160 162 165 174 175 174 174 172
含B股 158 159 153 155 156 161 151 143 134 126 114 120 132 109 106 93 92
通达信88 159 166 171 170 173 173 172 173 172 171 171 169 173 169 164 156 150
泛珠三角 160 167 163 167 168 167 168 170 170 166 170 167 164 160 148 146 146
碳交易 161 127 128 129 117 125 91 96 111 122 112 105 116 105 111 126 101
新零售 162 163 167 166 172 170 171 167 169 169 165 166 171 172 167 164 166
基因概念 163 169 152 123 123 76 149 155 165 150 168 168 168 137 105 101 74
在线教育 164 164 159 162 159 159 156 152 149 151 150 147 150 150 169 175 175
鸿蒙概念 165 165 119 133 122 136 103 81 99 144 108 123 54 93 140 168 176
租购同权 166 149 157 156 146 152 137 130 126 114 116 132 134 143 147 141 135
装饰园林 167 160 170 165 157 158 159 163 160 152 156 146 159 165 168 162 162
上海自贸 168 170 166 171 169 168 163 158 137 125 127 129 143 115 129 104 114
网红经济 169 171 169 169 166 165 161 162 162 157 159 155 153 156 153 155 156
腾讯概念 170 172 172 168 167 169 164 156 159 159 157 163 167 173 170 169 173
风沙治理 171 142 168 172 151 156 114 116 116 138 140 143 155 122 158 160 152
医美概念 172 175 174 174 174 174 176 175 176 176 176 176 175 163 166 167 167
体育概念 173 168 165 160 164 166 169 171 164 168 169 161 156 147 156 147 134
猪肉 174 173 175 176 176 177 177 177 177 177 177 177 177 176 176 172 170
白酒概念 175 176 176 177 177 175 175 176 175 174 175 175 170 157 107 144 149
网络游戏 176 174 173 173 171 172 166 161 158 165 152 160 158 166 171 165 165
IP变现 177 177 177 175 175 176 174 174 173 175 166 172 172 174 175 171 174
