航空 1 1 1 1 1 1 1 2 3 4 9 5 10 10 14 13 18 28
工程机械 2 2 2 3 3 3 5 13 21 23 27 27 16 15 10 17 21 13
矿物制品 3 3 4 4 5 4 4 7 5 3 3 4 3 2 5 5 5 6
有色 4 7 5 2 2 2 2 1 1 1 1 1 1 1 1 1 1 1
工业机械 5 4 3 5 4 5 3 5 7 6 8 9 9 9 9 10 9 12
钢铁 6 6 6 8 6 10 12 9 4 9 4 3 4 7 8 8 8 7
化工 7 5 8 11 8 9 8 8 8 7 6 6 5 6 6 6 7 4
通用机械 8 12 15 13 13 11 10 10 11 11 10 11 12 11 11 11 11 10
半导体 9 8 16 7 9 6 9 4 2 2 2 2 2 3 4 7 6 8
电气设备 10 14 14 6 7 7 6 6 6 5 7 10 6 5 7 3 3 3
煤炭 11 10 7 12 14 22 30 24 14 15 11 13 15 25 25 25 12 9
汽车类 12 18 17 15 11 14 14 14 15 17 24 23 22 16 22 27 30 31
建筑 13 16 12 18 16 17 13 18 18 19 12 14 13 14 17 14 15 16
供气供热 14 15 10 14 15 20 21 21 19 18 15 19 19 23 21 24 24 19
元器件 15 13 21 20 22 18 20 19 13 13 18 16 17 18 16 15 10 14
通信设备 16 9 11 9 10 12 11 11 10 12 16 15 28 20 24 22 22 25
船舶 17 17 19 22 20 34 38 32 36 31 34 26 25 32 48 46 50 51
电器仪表 18 19 27 21 19 16 17 17 20 20 23 17 14 12 12 9 13 15
运输设备 19 20 18 24 25 25 24 22 24 28 25 24 23 22 31 33 34 43
IT设备 20 22 20 17 21 15 16 15 16 16 22 18 30 33 29 31 26 29
建材 21 21 13 19 17 19 18 20 30 32 32 34 27 21 19 19 23 22
综合类 22 26 29 16 18 13 15 12 12 10 14 8 7 4 3 4 4 5
化纤 23 11 9 10 12 8 7 3 9 8 5 7 8 8 2 2 2 2
证券 24 23 30 30 31 24 25 23 29 27 31 31 29 26 26 28 31 32
电信运营 25 25 23 27 26 27 26 26 23 25 19 29 34 31 34 32 39 35
公共交通 26 28 33 32 33 32 32 33 28 30 26 20 21 28 30 36 37 42
水务 27 24 24 25 23 28 27 27 25 22 17 21 24 27 32 34 43 34
家居用品 28 30 25 36 35 43 40 40 37 43 42 48 49 50 54 52 49 48
电力 29 29 26 29 30 30 33 28 27 34 30 33 35 35 38 39 36 30
环境保护 30 31 28 28 24 23 19 16 17 14 13 12 11 13 13 12 14 11
商贸代理 31 27 22 23 28 26 28 29 31 24 28 30 31 37 50 35 40 38
银行 32 36 39 40 48 48 47 43 40 37 33 36 36 41 44 41 42 37
农林牧渔 33 40 36 45 47 44 45 46 48 48 49 44 45 36 33 30 28 24
多元金融 34 37 37 35 36 33 35 31 33 33 35 32 33 38 40 44 47 44
软件服务 35 32 34 26 29 21 22 25 22 26 29 22 20 17 15 20 27 26
家用电器 36 33 31 34 34 35 34 38 44 46 44 45 48 48 46 42 38 39
广告包装 37 35 35 33 32 31 31 30 26 21 20 25 18 19 18 18 17 21
房地产 38 49 46 49 51 52 52 48 46 47 41 41 38 39 43 49 44 47
商业连锁 39 39 40 42 40 42 42 44 42 40 39 39 40 40 42 38 41 45
保险 40 48 48 52 53 53 54 50 49 53 50 51 52 54 53 53 55 55
石油 41 46 45 43 42 45 50 45 41 39 40 38 43 53 55 56 56 49
交通设施 42 42 42 41 41 38 39 34 32 29 21 28 26 24 27 26 25 23
造纸 43 47 43 47 45 40 43 41 43 42 43 47 44 49 41 47 45 46
食品饮料 44 34 32 37 37 36 36 42 50 51 48 49 51 55 52 51 52 54
医药 45 38 38 31 27 29 23 37 38 41 37 43 41 34 20 16 16 18
日用化工 46 45 49 46 43 47 46 54 54 55 53 54 50 42 37 45 53 52
纺织服饰 47 41 41 38 39 39 41 39 35 35 36 35 32 29 23 21 20 17
传媒娱乐 48 50 50 54 52 50 48 47 47 44 47 46 47 46 47 50 51 50
仓储物流 49 43 44 48 44 41 37 35 39 38 46 40 39 44 49 48 48 53
运输服务 50 54 51 51 54 54 53 51 51 45 45 42 42 47 36 40 35 27
旅游 51 51 53 44 46 49 51 55 53 52 55 52 54 43 45 43 19 20
医疗保健 52 44 47 39 38 37 29 49 45 50 52 56 56 51 39 37 46 41
文教休闲 53 53 52 53 49 51 49 52 52 49 54 55 55 56 56 55 54 56
互联网 54 55 54 50 50 46 44 36 34 36 38 37 37 30 28 29 29 33
酿酒 55 52 55 55 55 55 55 53 55 54 51 53 53 45 35 23 33 40
酒店餐饮 56 56 56 56 56 56 56 56 56 56 56 50 46 52 51 54 32 36
