历史行情.指标排序板块指数 日期:2021-08-05,四 指标:RSI(6,12,24)   EXTRS20(20)   
代码   	名称	 涨幅%	 收盘	成交量	总金额	RSI1	RSI2	RSI3	EXTRS20	
880535	稀土永磁	-0.96	943.45		77051518976	59.09	62.46	63.95	0.19	
880714	氟概念	-1.33	2676.38		22561515520	66.95	66.98	67.18	0.19	
880710	种业	4.39	1785.74		10889249792	86.13	77.58	68.99	0.17	
880975	有机硅	-1.01	1643.56		13364205568	61.70	62.52	64.19	0.15	
880730	储能	-0.72	1146.15		117484896256	76.04	78.65	79.89	0.15	
880505	稀缺资源	-1.65	730.56		61287501824	52.89	57.92	60.32	0.15	
880729	CRO概念	1.03	1155.59		12421007360	94.97	94.28	93.98	0.14	
880560	高端装备	1.07	1719.95		100261847040	80.30	73.84	67.86	0.14	
880544	光伏概念	-0.25	3270.34		185631883264	69.02	67.88	67.49	0.14	
880715	磷概念	-2.07	1772.04		7793174528	44.05	50.67	56.36	0.14	
880964	特高压	-0.93	1557.06		23520364544	67.94	68.88	67.88	0.14	
880583	充电桩	-0.47	3262.32		66758078464	67.84	66.87	66.43	0.13	
880588	绿色照明	-0.21	2727.56		58698989568	65.47	67.06	67.65	0.13	
880909	燃料电池	0.35	1898.68		67150864384	71.75	68.40	66.29	0.13	
880571	碳纤维	-1.63	2178.11		20450381824	65.57	65.37	63.12	0.13	
880551	涉矿概念	0.27	1819.27		34023458816	70.70	69.36	67.87	0.12	
880950	军民融合	2.16	1163.92		118069231616	77.10	70.54	65.49	0.12	
880910	草甘膦	-3.57	1916.51		5683021312	47.08	54.30	57.69	0.12	
880800	氮化镓	-1.39	1638.54		40255741952	56.88	61.08	63.49	0.12	
880922	钛金属	0.06	1491.17		7178527744	60.56	59.08	58.28	0.12	
880520	智能电网	-0.59	2062.78		55470112768	68.37	66.35	65.53	0.12	
880727	盐湖提锂	0.01	1048.65		49317814272	68.70	68.03	67.66	0.12	
880536	多晶硅	0.34	3235.32		33395630080	71.44	66.76	64.84	0.11	
880957	工业互联	-2.05	1676.00		40823410688	63.96	64.22	62.36	0.11	
880507	国防军工	1.60	1728.46		169717186560	74.20	69.37	65.55	0.11	
880542	水利建设	-1.17	1112.20		9155539968	70.23	70.87	67.71	0.11	
880925	特钢	0.26	1678.14		6749642752	58.19	58.85	59.08	0.11	
880534	锂电池	-0.49	2983.25		230286868480	64.24	63.84	64.97	0.11	
880582	风能	0.33	1828.38		59276136448	68.60	67.41	65.74	0.11	
880705	氢能源	0.69	1174.73		58628800512	69.88	65.80	64.53	0.10	
880955	乡村振兴	-1.93	1192.10		7108763136	50.60	54.52	57.03	0.10	
880716	光刻机	-2.31	2209.19		25770983424	53.43	58.74	60.73	0.10	
880905	超导概念	2.62	1700.34		9520211968	70.66	64.79	61.88	0.10	
880920	免疫治疗	-1.61	1589.68		11460804608	61.64	57.78	55.95	0.10	
880584	石墨烯	0.20	1793.59		40693755904	67.63	65.45	65.12	0.10	
880558	节能	-0.99	2477.95		21337819136	66.83	66.42	65.36	0.09	
880951	新能源车	-0.35	1695.54		158568480768	65.42	63.87	64.09	0.08	
880899	钴金属	-0.91	1177.97		38989946880	52.84	55.84	58.44	0.08	
880977	BIPV概念	-1.80	1210.83		23254120448	54.23	57.01	59.92	0.08	
880952	芯片	-0.28	1934.15		179370835968	62.16	63.91	64.62	0.08	
880799	数据中心	-1.80	962.19		30728142848	58.75	61.70	61.68	0.08	
880581	空气治理	-0.43	2361.12		11711792128	66.15	62.73	61.07	0.08	
880569	3D打印	-1.37	2419.60		13729726464	58.84	60.66	60.82	0.08	
880928	抗流感	-1.27	1972.71		36856012800	62.85	58.74	55.98	0.08	
880731	新材料	-0.75	1048.49		111780929536	74.72	77.95	79.44	0.08	
880798	超级电容	0.61	1623.44		19682476032	63.33	61.73	62.39	0.08	
880945	OLED概念	-0.50	1657.24		67610271744	61.30	63.44	64.41	0.08	
880943	量子科技	-0.98	1114.17		21850892288	60.33	61.38	60.51	0.08	
880537	核电核能	0.99	888.98		45796491264	73.87	68.07	63.59	0.07	
880902	特斯拉	-0.54	3901.39		136380194816	65.18	62.89	63.11	0.07	
880506	5G概念	-0.87	1927.93		79929458688	64.30	64.23	63.25	0.07	
880557	生物疫苗	-0.38	4586.74		42056949760	66.80	58.78	54.73	0.07	
880976	新冠检测	-1.94	948.76		25026172928	61.74	57.76	54.19	0.06	
880939	无人机	1.03	733.43		54812917760	71.87	64.68	60.31	0.06	
880525	铁路基建	-0.03	1239.15		26361556992	67.16	63.37	60.24	0.06	
880521	黄金概念	-1.09	936.20		25646426112	48.11	52.15	53.59	0.06	
880707	透明工厂	-2.58	1081.73		6424485888	60.28	59.08	58.24	0.05	
880546	卫星导航	1.89	2336.11		34389192704	70.64	64.69	61.58	0.05	
880901	信息安全	-2.03	2022.35		28469716992	48.26	52.68	54.61	0.05	
880911	雄安新区	0.44	1649.30		46691713024	65.30	60.48	58.67	0.05	
880797	虫害防治	-1.29	1221.60		2451341824	52.39	54.58	54.81	0.05	
880719	地摊经济	0.41	1329.81		9489951744	58.60	54.14	54.01	0.05	
880795	口罩防护	-1.38	1653.58		53898391552	66.17	61.56	59.74	0.04	
880968	胎压监测	0.31	1627.85		4455824896	70.21	62.11	58.72	0.04	
880503	皖江区域	-0.57	1453.40		29301270528	55.22	55.17	55.37	0.04	
880944	无人驾驶	-0.46	1711.84		48499523584	66.08	61.54	60.08	0.04	
880595	民营银行	-0.58	1991.90		27616000000	70.28	61.05	54.39	0.04	
880531	武汉规划	-0.51	1260.36		14378373120	62.31	59.82	58.18	0.04	
880701	国资驰援	-0.99	1375.61		16452374528	56.10	58.35	60.94	0.04	
880970	分拆预期	-0.70	1519.88		90908057600	63.12	57.50	55.54	0.03	
880545	云计算	-2.25	2418.32		48875741184	51.12	52.90	54.07	0.03	
880926	垃圾分类	-0.74	967.10		12926673920	53.24	53.73	54.78	0.03	
880904	智能机器	-0.54	3255.55		54847983616	64.66	60.91	59.99	0.03	
880963	华为概念	-0.35	2374.59		164279599104	64.04	61.06	60.29	0.03	
880547	电子支付	0.05	2252.84		15647646720	57.32	57.47	57.84	0.03	
880713	ETC概念	-1.57	1330.89		9790502912	51.48	55.99	58.90	0.03	
880586	土地流转	1.49	1378.17		10814495744	58.58	55.12	55.17	0.03	
880938	污水处理	-0.32	907.41		26392463360	56.62	55.54	56.36	0.02	
880580	智能交通	-1.56	3234.09		20644276224	49.21	50.35	51.75	0.02	
880971	降解塑料	-2.40	1177.73		15452552192	43.84	48.82	52.70	0.02	
880930	汽车电子	0.09	1921.79		59727077376	62.07	59.99	59.13	0.02	
880732	三板精选	0.59	1011.60		8082878976	100.00	100.00	100.00	0.02	
880524	含可转债	-0.17	1664.71		116797480960	62.00	58.00	56.95	0.02	
880553	页岩气	0.20	1205.98		8622984192	65.75	57.35	54.02	0.02	
880711	操作系统	-1.74	1109.61		20945590272	49.79	51.94	54.33	0.02	
880594	一带一路	-0.33	1756.63		107633557504	65.48	58.82	55.91	0.02	
880533	物联网	-0.98	1610.69		84110934016	54.60	55.50	57.21	0.02	
880709	人造肉	0.74	1237.92		5742773760	66.06	58.26	51.57	0.02	
880728	航运概念	-0.66	989.69		7660589056	59.81	59.51	58.94	0.01	
880919	粤港澳	-0.57	1523.28		10161955840	60.88	56.10	54.72	0.01	
880916	国产软件	-2.48	1959.87		29585336320	53.06	52.76	53.55	0.01	
880940	PPP模式	-0.37	440.71		32244037632	55.99	52.56	51.65	0.01	
880974	烟草概念	-1.57	1457.38		4920225280	47.91	52.49	58.05	0.01	
880734	工业气体	-1.68	994.39		13568119808	55.97	58.30	59.38	0.01	
880954	大数据	-2.07	1204.39		63998603264	46.65	48.86	51.15	0.01	
880600	油气改革	-2.44	1066.27		5523454976	41.54	45.97	48.53	0.01	
880927	抗癌	-0.03	2393.64		26739376128	57.84	50.73	49.28	0.01	
880949	智慧城市	-1.68	800.30		36981166080	45.61	47.75	50.43	0.01	
880969	无线耳机	-0.85	2060.94		59119321088	62.03	59.11	58.91	0.01	
880965	超清视频	-0.17	1952.97		37713047552	49.19	51.19	53.72	0.01	
880574	苹果概念	-0.80	3699.26		60060733440	64.98	60.37	58.59	0.01	
880523	黄河三角	-1.55	1632.57		23926417408	50.72	51.34	52.61	0.00	
880575	地热能	-0.59	1469.38		3238582784	61.39	57.84	57.63	0.00	
880725	MiniLED	-0.73	983.14		34484224000	50.98	51.08	51.12	0.00	
880587	聚氨酯	-2.66	4197.06		14155493376	46.20	49.94	53.48	0.00	
880549	可燃冰	-1.45	1232.42		4113929984	44.43	46.66	48.99	0.00	
880923	赛马概念	-1.52	675.39		2676060416	49.28	48.37	47.19	0.00	
880577	安防服务	-1.31	4886.44		30344181760	48.07	49.45	52.17	0.00	
880962	百度概念	-0.04	1197.32		13004384256	62.86	55.49	54.73	-0.00	
880967	数字货币	-0.70	1251.22		14881268736	50.29	52.08	54.16	-0.00	
880568	生物质能	-1.00	1299.71		8023872000	43.96	46.37	48.84	-0.00	
880796	医废处理	-0.37	1005.48		2439870976	49.57	48.90	50.72	-0.00	
880592	互联金融	-1.17	2014.66		17197398016	45.37	45.99	47.91	-0.00	
880942	虚拟现实	-0.90	828.09		46899625984	55.28	53.83	54.49	-0.00	
880540	创投概念	-1.08	1403.90		57040408576	48.28	48.25	49.90	-0.00	
880917	央企改革	-0.34	1804.93		82332180480	55.99	50.23	50.29	-0.01	
880726	MCU芯片	0.80	993.56		30579587072	49.99	49.06	48.77	-0.01	
880720	字节跳动	-0.96	753.19		11742059520	50.88	49.64	49.11	-0.01	
880733	人脑工程	-1.17	1016.33		7377111552	21.87	23.54	24.35	-0.01	
880589	智能穿戴	-0.41	2207.27		46485712896	52.31	51.82	53.26	-0.01	
880530	三网融合	-1.00	853.37		6637271040	38.19	40.88	44.43	-0.01	
880929	维生素	-0.82	1534.01		4523022848	42.88	39.78	40.11	-0.01	
880913	基因概念	-2.02	3102.29		29305831424	49.62	47.75	48.27	-0.01	
880921	阿里概念	-0.88	1115.09		22867777536	45.42	45.06	45.43	-0.01	
880724	地下管网	-0.53	984.10		4752290304	58.87	51.95	48.31	-0.01	
880563	食品安全	-2.21	2499.06		6408349696	49.36	46.52	45.24	-0.01	
880704	工业大麻	-0.62	735.32		9399939072	46.16	43.56	45.54	-0.01	
880501	含H股	-0.27	1460.31		111546826752	50.84	45.42	44.99	-0.01	
880519	碳交易	-1.49	1262.97		23618646016	43.49	44.28	47.12	-0.01	
880906	智能家居	-0.63	2461.78		33675974656	53.16	48.66	48.16	-0.02	
880948	人工智能	-1.65	1290.37		45504888832	48.81	49.26	51.07	-0.02	
880717	C2M概念	-0.96	1458.39		8250568704	42.92	42.09	45.30	-0.02	
880722	鸿蒙概念	-0.17	1027.25		15376943104	52.64	49.54	48.77	-0.02	
880706	分散染料	-1.19	619.82		1480339328	38.76	40.52	43.76	-0.02	
880528	环渤海	-0.36	1333.44		57816293376	49.91	44.11	44.27	-0.02	
880516	ST板块	-0.41	1166.80		6807622656	48.87	48.82	55.33	-0.03	
880567	海南自贸	-0.63	3262.40		14041291776	47.01	43.68	46.10	-0.03	
880718	RCS概念	-1.67	912.93		7490741760	49.25	47.06	48.63	-0.03	
880593	婴童概念	-1.70	2155.56		14784166912	42.30	40.24	41.25	-0.03	
880966	消费电子	-0.08	1647.39		41763835904	63.00	56.51	55.21	-0.03	
880946	区块链	-1.73	811.30		59478466560	44.89	44.27	45.88	-0.03	
880932	农村金融	-0.75	896.67		7338369536	42.02	40.64	41.75	-0.03	
880794	远程办公	-1.18	1140.05		8434094080	47.21	45.70	47.39	-0.03	
880960	仿制药	-1.54	1149.94		26023479296	44.26	41.28	41.44	-0.03	
880598	博彩概念	-1.59	1603.33		7418908672	43.82	41.26	42.49	-0.03	
880526	长三角	-0.61	1553.62		33813583872	42.21	40.06	42.12	-0.04	
880912	电商概念	-2.22	1382.35		9315459072	38.91	41.12	44.28	-0.04	
880933	智能医疗	-1.75	1527.99		20526172160	43.20	41.65	43.55	-0.04	
880961	小米概念	0.29	1719.83		43699068928	57.70	52.11	51.69	-0.04	
880597	养老概念	-1.01	1145.89		14906361856	50.47	45.21	45.52	-0.04	
880959	知识产权	-1.74	734.91		6737721344	44.21	42.91	44.32	-0.04	
880552	金融改革	-1.28	1440.83		13977340928	38.51	38.84	42.65	-0.04	
880529	次新股	-0.68	2520.82		61649006592	53.76	48.55	48.47	-0.04	
880522	成渝特区	-0.81	2326.06		62223437824	44.41	41.39	43.35	-0.04	
880502	含B股	-0.66	1412.52		15580447744	44.28	41.73	44.51	-0.05	
880953	租购同权	-1.22	658.96		2932664064	33.59	35.67	40.24	-0.05	
880504	长株潭	-1.27	1547.91		21593393152	39.72	41.08	45.35	-0.05	
880599	民营医院	-1.25	2596.10		25534054400	44.15	42.95	45.74	-0.05	
880941	跨境电商	-0.86	900.92		8926234624	41.20	36.21	35.61	-0.05	
880596	体育概念	-1.48	1341.07		10438061056	44.41	40.65	40.81	-0.06	
880935	智能电视	-0.30	1175.89		15240965120	47.49	44.64	47.08	-0.06	
880908	在线教育	-2.03	818.56		17376675840	33.89	35.59	38.89	-0.06	
880903	水产品	-0.94	599.35		441739488	39.73	38.32	40.84	-0.06	
880513	海峡西岸	0.10	1477.00		21605015552	39.97	39.02	42.83	-0.06	
880931	装饰园林	-1.32	831.14		4275165184	43.10	39.71	40.43	-0.06	
880572	新零售	-1.11	1078.89		10180729856	33.78	31.48	33.79	-0.07	
880527	泛珠三角	-1.12	4142.99		90777206784	41.77	39.16	40.55	-0.07	
880956	腾讯概念	-1.21	629.68		4645335040	26.06	27.42	32.21	-0.08	
880791	网红经济	-1.83	874.97		11022836736	26.79	28.29	33.05	-0.08	
880515	通达信88	-0.65	2530.09		104659337216	38.08	35.13	36.55	-0.08	
880591	上海自贸	-0.40	1792.14		11089505280	40.70	38.46	42.61	-0.08	
880585	风沙治理	-2.77	1009.76		1414574080	29.39	36.01	43.69	-0.09	
880590	网络游戏	-1.79	969.85		20725774336	25.76	28.16	33.85	-0.09	
880973	医美概念	-2.29	1290.24		13299112960	32.29	33.35	39.22	-0.11	
880556	IP变现	-1.72	863.18		5643908608	14.19	17.45	23.99	-0.14	
880936	猪肉	-1.29	1840.31		8231755264	35.18	30.42	31.30	-0.14	
880564	白酒概念	-1.69	8491.91		38445453312	29.92	30.53	34.47	-0.15	
数据来源:通达信
