历史行情.指标排序板块指数 日期:2021-07-20,二 指标:RSI(6,12,24)   EXTRS20(20)   
代码   	名称	 涨幅%	 收盘	成交量	总金额	RSI1	RSI2	RSI3	EXTRS20	
880715	磷概念	3.23	1904.91		9546579968	75.06	75.88	73.94	0.32	
880899	钴金属	0.67	1146.97		32990564352	60.44	65.71	66.04	0.22	
880505	稀缺资源	0.46	695.70		48959705088	73.09	72.14	66.84	0.21	
880535	稀土永磁	0.94	861.11		51706998784	71.72	72.41	68.66	0.20	
880974	烟草概念	4.81	1485.38		3897422336	55.48	60.75	65.52	0.20	
880977	BIPV概念	-0.32	1177.63		14332317696	61.75	66.68	67.57	0.19	
880534	锂电池	1.30	2715.07		164104257536	55.20	63.50	66.61	0.18	
880798	超级电容	2.64	1585.94		18379327488	72.21	72.12	69.59	0.17	
880975	有机硅	1.18	1521.09		10913880064	60.57	65.31	66.63	0.15	
880714	氟概念	1.19	2326.96		14003714048	53.86	60.97	64.20	0.15	
880536	多晶硅	0.75	2930.57		19352891392	56.51	61.15	62.15	0.14	
880910	草甘膦	1.20	1913.81		5037673472	86.36	76.67	68.73	0.13	
880902	特斯拉	1.01	3620.79		95777325056	50.36	59.00	62.87	0.12	
880587	聚氨酯	-1.88	4276.33		16733146112	50.92	60.59	61.52	0.12	
880588	绿色照明	3.08	2456.74		41867661312	73.17	70.70	68.72	0.12	
880584	石墨烯	0.59	1660.55		27363084288	56.55	64.34	65.78	0.12	
880551	涉矿概念	0.27	1686.88		19450910720	72.78	73.71	68.78	0.11	
880705	氢能源	1.21	1107.69		44718448640	65.62	67.00	65.96	0.11	
880701	国资驰援	1.65	1367.40		21580564480	80.10	74.76	71.11	0.10	
880951	新能源车	1.08	1558.39		112892551168	53.27	61.22	64.18	0.10	
880905	超导概念	1.42	1646.15		5163574272	74.69	70.91	65.39	0.10	
880544	光伏概念	1.12	2921.38		120764301312	62.14	66.05	66.60	0.10	
880520	智能电网	0.84	1899.13		35000754176	59.11	64.54	65.01	0.10	
880800	氮化镓	2.88	1441.46		31001618432	61.19	62.94	64.37	0.09	
880571	碳纤维	-0.51	1999.15		13127465984	58.14	61.88	58.51	0.09	
880922	钛金属	0.55	1458.14		6271469056	73.21	66.31	61.25	0.09	
880964	特高压	0.39	1435.77		14473092096	80.55	75.32	68.40	0.09	
880955	乡村振兴	-0.16	1199.14		7543436288	86.16	77.40	69.33	0.09	
880521	黄金概念	-0.57	921.97		20042657792	60.15	60.44	56.25	0.09	
880583	充电桩	1.37	2916.24		44378869760	57.61	63.35	64.78	0.08	
880710	种业	-2.58	1533.65		4653177344	57.95	57.72	54.30	0.08	
880945	OLED概念	0.47	1538.50		47311204352	62.96	65.93	65.26	0.07	
880558	节能	0.61	2337.79		17140756480	70.13	69.66	65.66	0.07	
880952	芯片	1.56	1761.35		117197463552	56.73	59.92	62.01	0.06	
880971	降解塑料	-0.97	1188.59		14122798080	53.68	60.81	60.92	0.06	
880969	无线耳机	0.55	1963.06		41668628480	46.80	53.51	57.59	0.06	
880965	超清视频	0.91	1965.27		31301111808	66.45	62.20	59.98	0.06	
880909	燃料电池	0.70	1716.69		44578213888	61.01	62.65	62.37	0.06	
880713	ETC概念	2.13	1319.39		10159781888	70.26	65.79	64.36	0.06	
880926	垃圾分类	0.62	970.56		12511367168	64.62	65.76	62.23	0.06	
880928	抗流感	0.70	1971.05		23088441344	82.32	67.28	59.34	0.06	
880506	5G概念	0.97	1835.65		55977418752	66.25	64.00	62.35	0.05	
880925	特钢	-0.23	1569.32		5264773632	57.98	59.30	58.47	0.05	
880901	信息安全	-0.94	2047.77		28913625088	65.34	63.95	60.72	0.05	
880557	生物疫苗	0.57	4609.68		27943892992	79.89	64.47	56.90	0.05	
880523	黄河三角	-0.82	1645.77		21240084480	49.37	57.03	57.23	0.05	
880938	污水处理	-0.00	901.29		20463296512	54.93	61.73	61.45	0.05	
880542	水利建设	0.31	1039.24		3072272896	75.76	70.93	61.89	0.05	
880943	量子科技	0.22	1068.17		9795856384	70.69	65.66	60.83	0.05	
880582	风能	0.22	1680.19		36206137344	57.48	62.66	61.41	0.05	
880577	安防服务	-0.01	4983.93		23818229760	63.82	61.81	60.49	0.05	
880600	油气改革	-1.19	1091.59		4376671232	50.76	54.33	53.22	0.05	
880799	数据中心	-0.15	924.75		24757008384	73.40	68.35	63.00	0.04	
880711	操作系统	-0.39	1129.72		19295905792	65.69	63.39	61.51	0.04	
880957	工业互联	0.30	1558.49		30948808704	66.63	62.99	59.16	0.04	
880575	地热能	0.29	1457.82		1992248320	50.74	58.35	60.13	0.04	
880716	光刻机	1.21	1967.38		11873122304	48.87	54.99	57.91	0.04	
880581	空气治理	0.25	2270.62		10597976064	65.92	63.53	61.22	0.04	
880537	核电核能	0.02	845.34		26918739968	61.87	61.42	57.76	0.04	
880524	含可转债	0.40	1637.94		83739164672	52.78	56.62	57.55	0.04	
880796	医废处理	-0.51	1031.86		2439564544	50.56	57.58	58.00	0.03	
880569	3D打印	0.99	2324.04		9541581824	73.22	66.44	62.68	0.03	
880513	海峡西岸	-0.68	1595.15		19112056832	56.58	56.15	55.66	0.03	
880560	高端装备	1.06	1552.89		49788674048	69.75	63.67	57.96	0.03	
880580	智能交通	0.34	3269.64		14124523520	67.10	60.90	57.82	0.03	
880970	分拆预期	0.34	1512.99		61546512384	62.42	59.19	57.47	0.03	
880516	ST板块	0.78	1197.00		8577684480	58.78	62.19	66.29	0.03	
880507	国防军工	1.19	1585.77		98386419712	67.72	63.29	60.35	0.03	
880963	华为概念	0.71	2284.77		117946417152	52.07	57.12	59.55	0.03	
880920	免疫治疗	1.42	1572.31		9968117760	74.90	62.24	58.36	0.03	
880904	智能机器	0.77	3151.43		39855779840	54.85	58.46	60.30	0.03	
880547	电子支付	0.63	2212.26		14670432256	65.82	61.41	59.76	0.03	
880574	苹果概念	0.21	3568.55		41018200064	43.79	52.11	56.09	0.03	
880966	消费电子	0.59	1630.05		25735974912	45.48	51.50	54.82	0.03	
880533	物联网	0.47	1585.51		63258832896	55.28	57.75	59.68	0.03	
880930	汽车电子	1.03	1822.54		39814430720	47.56	52.21	55.39	0.02	
880586	土地流转	0.09	1363.48		8005658624	52.04	57.84	58.54	0.02	
880954	大数据	-0.45	1220.14		53585838080	55.32	56.83	56.78	0.02	
880503	皖江区域	-0.79	1414.13		19213699072	54.52	56.37	56.27	0.02	
880912	电商概念	-0.55	1446.22		8972398592	44.91	52.25	53.35	0.02	
880927	抗癌	0.98	2529.41		26590425088	78.39	62.90	56.72	0.02	
880589	智能穿戴	-0.03	2213.70		40333197312	51.10	55.11	56.58	0.02	
880794	远程办公	-0.12	1205.03		7578900992	63.18	59.12	56.69	0.02	
880949	智慧城市	-0.11	818.49		32988188672	64.17	60.40	58.41	0.02	
880967	数字货币	0.74	1254.98		13943995392	58.65	58.66	58.46	0.02	
880568	生物质能	-0.49	1326.35		8230951936	54.56	57.28	55.53	0.02	
880797	虫害防治	-0.23	1214.50		1702034048	67.26	61.74	57.68	0.02	
880522	成渝特区	0.28	2519.25		43061792768	59.11	53.98	52.91	0.02	
880526	长三角	0.03	1631.41		30581143552	56.21	51.71	50.59	0.01	
880707	透明工厂	-0.25	1050.02		3241743104	62.53	59.39	58.91	0.01	
880540	创投概念	-0.04	1428.27		46182912000	49.30	54.45	55.57	0.01	
880950	军民融合	1.24	1068.30		65800945664	68.36	62.15	58.58	0.01	
880502	含B股	-0.07	1481.50		14168386560	39.56	49.02	53.15	0.01	
880932	农村金融	-0.07	943.08		7179266560	45.71	49.84	49.44	0.01	
880919	粤港澳	0.19	1505.57		6617799680	42.70	50.13	53.29	0.01	
880911	雄安新区	0.08	1600.23		36529438720	54.09	56.19	57.01	0.01	
880795	口罩防护	0.36	1567.87		38003884032	38.58	48.67	54.84	0.01	
880525	铁路基建	0.01	1188.02		18505127936	53.57	54.96	53.78	0.01	
880720	字节跳动	0.01	762.23		8984733696	49.40	51.62	50.66	0.01	
880921	阿里概念	-0.37	1149.04		18812669952	46.77	49.15	48.59	0.01	
880913	基因概念	0.15	3289.95		16708265984	62.93	56.40	54.88	0.01	
880709	人造肉	-0.41	1223.52		3114291456	56.01	48.95	44.30	0.01	
880531	武汉规划	-0.19	1232.34		9965737984	54.63	56.83	56.53	0.01	
880591	上海自贸	0.02	1888.15		10519861248	31.00	44.18	51.27	0.01	
880948	人工智能	-0.38	1307.48		33136924672	48.59	52.42	54.86	0.00	
880545	云计算	-0.70	2408.84		43783950336	55.64	56.75	56.77	0.00	
880917	央企改革	-0.23	1829.13		68358008832	47.27	51.18	53.84	0.00	
880599	民营医院	-0.08	2839.10		21925318656	65.96	57.76	57.25	0.00	
880968	胎压监测	0.65	1589.48		3099697920	61.76	58.77	57.57	0.00	
880504	长株潭	0.00	1642.47		13798797312	50.71	52.20	54.43	0.00	
880942	虚拟现实	0.57	824.15		36756447232	56.35	55.76	56.94	0.00	
880906	智能家居	-0.19	2519.48		28299595776	51.11	50.95	51.19	0.00	
880592	互联金融	-0.67	2055.51		13565620224	43.58	49.98	52.30	0.00	
880734	工业气体								0.00	
880733	人脑工程								0.00	
880732	三板精选								0.00	
880731	新材料								0.00	
880730	储能								0.00	
880729	CRO概念								0.00	
880728	航运概念								0.00	
880727	盐湖提锂								0.00	
880726	MCU芯片								0.00	
880725	MiniLED								0.00	
880724	地下管网								0.00	
880546	卫星导航	1.54	2210.64		21282863104	59.87	56.69	57.20	-0.00	
880519	碳交易	0.32	1321.40		27505958912	49.00	53.56	54.99	-0.00	
880916	国产软件	-0.60	1958.57		24497831936	48.53	53.52	55.77	-0.00	
880552	金融改革	-0.13	1505.56		12506232832	40.77	48.15	52.55	-0.00	
880594	一带一路	-0.09	1729.40		72859369472	42.50	49.04	52.41	-0.00	
880944	无人驾驶	1.04	1588.97		29417912320	41.49	49.78	55.41	-0.00	
880530	三网融合	-0.10	892.10		6968679424	61.52	56.53	54.29	-0.01	
880719	地摊经济	1.27	1335.01		6667533824	56.59	55.73	56.83	-0.01	
880717	C2M概念	0.54	1551.81		7230599168	60.96	54.81	54.12	-0.01	
880940	PPP模式	0.30	440.47		25861253120	48.74	51.48	51.99	-0.01	
880704	工业大麻	0.33	763.59		11203637248	56.82	52.56	53.29	-0.01	
880939	无人机	0.38	695.73		29028771840	59.31	56.85	55.52	-0.01	
880706	分散染料	-0.67	644.70		2061669888	47.06	49.24	49.99	-0.01	
880549	可燃冰	-1.28	1238.14		5593732096	37.84	47.33	50.55	-0.01	
880567	海南自贸	0.49	3372.50		14508546048	48.30	49.99	53.23	-0.01	
880961	小米概念	0.72	1729.35		29648357376	46.43	49.37	52.69	-0.01	
880953	租购同权	-0.76	696.83		3174048512	40.47	45.64	48.17	-0.01	
880935	智能电视	-0.85	1221.78		14299139072	43.86	49.65	52.73	-0.02	
880903	水产品	-0.49	637.82		630772416	48.08	47.16	47.51	-0.02	
880564	白酒概念	0.26	10215.60		43754663936	58.71	49.84	47.98	-0.02	
880553	页岩气	-0.71	1185.49		6852195328	40.88	46.80	49.72	-0.02	
880527	泛珠三角	-0.39	4417.73		58932932608	39.33	41.72	45.19	-0.02	
880596	体育概念	-0.45	1424.29		7485244416	33.91	39.81	43.72	-0.02	
880528	环渤海	-0.40	1351.71		46946041856	35.44	39.26	44.45	-0.02	
880959	知识产权	-0.36	761.62		4819917824	36.34	43.74	47.50	-0.02	
880960	仿制药	0.80	1247.93		22633687040	68.09	52.63	48.72	-0.02	
880923	赛马概念	-0.96	679.23		1464984320	44.03	44.86	45.51	-0.03	
880976	新冠检测	1.24	921.15		14816438272	60.65	49.90	49.17	-0.03	
880933	智能医疗	-0.33	1610.24		17060356096	46.00	47.07	49.73	-0.03	
880501	含H股	-0.60	1474.02		78285062144	34.10	38.48	43.55	-0.03	
880791	网红经济	-0.54	954.01		12158403584	35.11	39.81	43.88	-0.03	
880515	通达信88	-0.37	2753.04		72987975680	42.42	41.25	42.82	-0.03	
880929	维生素	0.48	1623.64		4124205824	59.20	49.30	46.58	-0.03	
880597	养老概念	-0.18	1175.75		12878387200	27.82	39.18	47.35	-0.03	
880946	区块链	-0.43	834.30		51324600320	32.95	43.33	48.76	-0.03	
880585	风沙治理	0.69	1108.88		1913288704	43.08	49.47	54.03	-0.03	
880593	婴童概念	-0.95	2239.65		10887460864	34.41	38.36	43.12	-0.03	
880931	装饰园林	0.04	873.66		4257538048	31.01	38.43	42.80	-0.04	
880595	民营银行	-0.53	1886.86		21091768320	25.66	34.04	39.17	-0.04	
880572	新零售	0.20	1161.68		9699020800	35.38	36.09	40.35	-0.04	
880590	网络游戏	-0.41	1065.23		17097637888	36.96	42.04	46.55	-0.04	
880962	百度概念	0.68	1174.67		8045696000	40.46	47.01	53.03	-0.04	
880973	医美概念	0.35	1453.68		13791812608	44.35	44.21	48.50	-0.05	
880722	鸿蒙概念	-0.50	1023.59		12997512192	36.80	44.26	46.34	-0.05	
880956	腾讯概念	-0.34	678.27		3804670208	32.53	36.87	40.61	-0.05	
880598	博彩概念	-0.38	1662.70		4764670976	30.95	38.12	44.71	-0.05	
880556	IP变现	-0.23	1004.02		3854544128	38.75	38.03	39.84	-0.05	
880936	猪肉	0.90	2027.98		5282833920	22.08	27.99	33.24	-0.05	
880718	RCS概念	-0.54	941.28		5895025664	44.19	48.09	53.49	-0.05	
880941	跨境电商	-0.27	952.72		9088458752	32.30	33.67	37.22	-0.05	
880908	在线教育	-0.56	858.33		12853886976	26.58	34.83	42.16	-0.06	
880529	次新股	-0.22	2534.35		44860936192	24.07	38.29	46.73	-0.06	
880563	食品安全	-0.37	2535.95		5212394496	32.52	35.60	41.77	-0.08	
数据来源:通达信
