历史行情.指标排序板块指数 日期:2021-08-11,三 指标:RSI(6,12,24)   EXTRS20(20)   
代码   	名称	 涨幅%	 收盘	成交量	总金额	RSI1	RSI2	RSI3	EXTRS20	
880730	储能	5.70	1256.81		140121341952	89.97	87.96	87.30	0.26	
880727	盐湖提锂	0.63	1185.24		54595469312	85.72	81.27	79.15	0.26	
880505	稀缺资源	0.53	808.95		75949662208	74.35	70.16	67.73	0.19	
880714	氟概念	2.02	2786.75		20326926336	71.82	69.78	68.85	0.18	
880964	特高压	3.71	1653.21		34349813760	84.59	78.76	74.29	0.17	
880560	高端装备	0.27	1774.20		84987912192	86.72	78.61	71.36	0.17	
880535	稀土永磁	1.82	974.85		75742478336	65.17	65.16	65.44	0.17	
880710	种业	-0.08	1754.79		5756392960	72.47	70.91	65.62	0.16	
880950	军民融合	0.13	1203.15		103405707264	84.46	75.86	69.16	0.16	
880925	特钢	1.81	1761.65		7390853632	73.71	67.13	63.85	0.15	
880583	充电桩	2.77	3387.94		79815827456	74.67	70.72	68.82	0.15	
880975	有机硅	3.26	1768.61		13402956800	74.31	70.16	68.55	0.15	
880507	国防军工	-0.00	1771.18		155612217344	80.88	73.56	68.21	0.15	
880544	光伏概念	0.83	3294.06		181123121152	67.89	67.12	66.99	0.14	
880588	绿色照明	0.93	2692.82		50041024512	58.00	62.13	64.51	0.14	
880800	氮化镓	0.96	1603.90		34919022592	50.38	56.55	60.50	0.14	
880558	节能	2.53	2653.05		22759700480	85.46	78.63	73.42	0.14	
880905	超导概念	3.13	1797.98		10238422016	83.80	73.89	67.92	0.13	
880922	钛金属	0.94	1558.77		7537266688	75.94	67.46	62.96	0.13	
880716	光刻机	0.97	2231.87		21586880512	57.29	59.74	61.07	0.13	
880731	新材料	1.09	1093.93		108685852672	87.31	86.21	86.02	0.12	
880909	燃料电池	1.47	1913.52		88253710336	71.39	68.26	66.26	0.12	
880542	水利建设	1.60	1152.45		10159382528	83.22	78.59	73.15	0.12	
880520	智能电网	2.90	2137.78		62307110912	76.04	70.82	68.25	0.11	
880798	超级电容	2.53	1717.45		27569010688	76.40	69.60	66.95	0.11	
880705	氢能源	2.47	1208.73		74735771648	75.99	69.75	66.91	0.11	
880729	CRO概念	1.23	1119.56		7528691712	63.21	68.62	71.29	0.11	
880551	涉矿概念	0.55	1851.20		29724182528	72.46	70.75	68.92	0.11	
880571	碳纤维	-0.03	2194.22		16128236544	65.52	65.49	63.36	0.11	
880537	核电核能	1.51	927.12		43201015808	86.61	77.61	70.34	0.11	
880584	石墨烯	2.33	1859.11		47175147520	73.54	69.11	67.36	0.10	
880582	风能	1.50	1866.56		58761375744	73.69	70.24	67.58	0.10	
880534	锂电池	1.31	3025.61		239668690944	64.49	63.71	64.67	0.10	
880546	卫星导航	0.44	2377.03		29172254720	73.71	67.16	63.22	0.10	
880799	数据中心	1.32	999.34		33314387968	75.86	71.15	67.40	0.10	
880957	工业互联	-1.46	1681.95		34695974912	58.24	61.77	61.36	0.10	
880536	多晶硅	-0.21	3158.90		31376396288	56.77	59.89	61.22	0.09	
880701	国资驰援	1.41	1446.95		18392737792	76.40	69.27	66.94	0.09	
880952	芯片	0.43	1902.44		148223279104	52.72	58.39	61.40	0.09	
880569	3D打印	-0.38	2474.99		13636514816	65.95	64.83	63.37	0.09	
880939	无人机	-0.60	743.43		37978361856	71.92	66.15	61.56	0.09	
880943	量子科技	1.35	1145.91		20148361216	73.07	67.88	64.25	0.08	
880707	透明工厂	1.04	1121.43		5671247872	73.82	66.84	62.89	0.08	
880945	OLED概念	0.46	1654.41		61992206336	59.67	62.16	63.59	0.08	
880713	ETC概念	0.96	1378.37		11791101952	71.45	65.33	63.47	0.08	
880951	新能源车	1.62	1690.28		169755181056	60.25	60.76	62.07	0.07	
880910	草甘膦	0.92	1988.65		5907262976	63.63	62.20	61.98	0.07	
880904	智能机器	0.58	3352.70		54306676736	76.67	68.04	64.14	0.07	
880732	三板精选	1.32	1056.98		5580175360	100.00	100.00	100.00	0.07	
880525	铁路基建	0.37	1258.36		26724665344	76.83	68.73	63.50	0.06	
880595	民营银行	-0.13	2053.80		28108650496	77.25	67.31	59.08	0.06	
880506	5G概念	-0.65	1925.89		74946863104	59.32	62.24	62.36	0.06	
880521	黄金概念	0.29	964.16		23767988224	57.38	57.52	56.79	0.06	
880955	乡村振兴	1.13	1241.38		9537823744	67.30	62.99	61.80	0.06	
880899	钴金属	0.98	1205.48		38943760384	56.17	57.55	59.30	0.05	
880503	皖江区域	-0.04	1477.96		23086823424	62.55	59.13	57.77	0.05	
880944	无人驾驶	-0.14	1710.27		37049995264	62.37	60.06	59.32	0.05	
880547	电子支付	0.16	2296.56		15711523840	69.65	63.75	61.12	0.05	
880581	空气治理	0.58	2376.11		11891782656	66.87	63.48	61.58	0.05	
880715	磷概念	1.82	1880.27		7152595968	59.16	58.04	60.19	0.05	
880734	工业气体	2.38	1032.49		13208675328	77.75	76.16	75.52	0.05	
880902	特斯拉	1.17	3846.86		130068381696	55.47	57.64	59.92	0.05	
880926	垃圾分类	2.37	1015.59		20338536448	77.21	67.69	63.14	0.04	
880977	BIPV概念	1.04	1223.93		17980792832	59.96	59.14	60.87	0.04	
880531	武汉规划	0.23	1297.00		12230490112	79.39	70.11	64.15	0.04	
880968	胎压监测	-0.80	1623.37		3161303808	60.26	58.42	57.11	0.04	
880963	华为概念	0.23	2387.85		142975746048	66.42	62.29	60.95	0.04	
880594	一带一路	0.82	1798.89		116959420416	80.27	68.65	61.80	0.04	
880911	雄安新区	0.62	1663.83		46111580160	70.21	63.12	60.17	0.04	
880728	航运概念	1.00	1011.54		10300710912	75.20	70.45	68.13	0.04	
880553	页岩气	2.05	1251.58		11486444544	83.27	69.37	61.20	0.04	
880795	口罩防护	0.54	1669.14		48926769152	70.88	63.99	61.10	0.03	
880574	苹果概念	0.59	3723.17		47701745664	68.33	62.08	59.49	0.03	
880709	人造肉	-0.11	1263.48		3844704256	69.87	62.49	55.24	0.03	
880575	地热能	1.01	1516.68		3030970880	79.49	68.88	63.92	0.03	
880971	降解塑料	1.25	1235.46		17015480320	67.66	61.73	59.93	0.03	
880938	污水处理	0.93	937.05		28667508736	74.50	65.80	62.36	0.03	
880930	汽车电子	-0.08	1874.87		50393698304	45.33	51.70	54.75	0.03	
880970	分拆预期	-0.18	1531.95		78783315968	66.14	59.63	56.81	0.02	
880545	云计算	-0.78	2467.79		44928471040	59.48	57.91	56.92	0.02	
880967	数字货币	0.43	1283.35		15074809856	67.05	60.26	58.20	0.02	
880940	PPP模式	0.64	454.38		35966455808	76.03	64.58	58.74	0.02	
880524	含可转债	0.38	1673.33		113720459264	66.03	59.92	57.95	0.02	
880580	智能交通	-0.15	3286.30		20382289920	59.37	55.48	54.52	0.02	
880549	可燃冰	1.24	1283.64		5702709248	68.91	60.51	56.39	0.02	
880720	字节跳动	0.00	781.46		11972412416	72.27	62.18	56.34	0.02	
880969	无线耳机	0.65	2011.65		48272990208	49.87	52.77	55.34	0.02	
880919	粤港澳	0.88	1546.45		9996390400	70.79	62.01	58.11	0.02	
880533	物联网	0.23	1612.69		71869882368	54.73	55.51	57.16	0.02	
880586	土地流转	0.66	1406.35		10642683904	64.71	59.45	57.85	0.02	
880942	虚拟现实	-0.11	830.54		38343426048	57.27	54.72	54.85	0.02	
880901	信息安全	-1.60	2059.32		25695711232	53.06	55.58	56.30	0.02	
880923	赛马概念	0.86	690.32		1999109888	66.38	57.76	52.47	0.01	
880797	虫害防治	-0.44	1224.34		1890219008	51.84	54.61	54.93	0.01	
880962	百度概念	-0.79	1205.78		11244002304	60.81	56.15	55.14	0.01	
880917	央企改革	0.97	1855.26		93137371136	78.64	64.66	58.18	0.01	
880592	互联金融	1.39	2101.91		22199240704	70.93	60.42	56.07	0.01	
880711	操作系统	-1.80	1128.32		18621108224	51.87	54.15	55.61	0.01	
880706	分散染料	0.78	651.43		1891503744	75.34	61.51	54.68	0.01	
880501	含H股	0.54	1483.23		118137028608	69.58	55.96	50.52	0.01	
880717	C2M概念	0.54	1543.75		9980319744	72.84	59.98	54.58	0.01	
880568	生物质能	1.70	1350.91		11363955712	73.98	63.19	57.98	0.01	
880523	黄河三角	0.63	1675.86		23853821952	67.31	59.99	57.27	0.01	
880974	烟草概念	0.19	1494.38		4585777152	63.24	58.38	60.62	0.01	
880724	地下管网	0.65	1000.13		4138858496	71.94	61.24	55.93	0.00	
880540	创投概念	0.46	1444.14		55290146816	67.86	59.06	55.97	0.00	
880966	消费电子	0.47	1642.98		34052784128	59.73	55.32	54.61	0.00	
880954	大数据	-0.67	1222.55		65728143360	55.13	53.43	53.58	0.00	
880928	抗流感	-1.85	1897.37		24830472192	42.32	47.72	49.91	0.00	
880516	ST板块	0.52	1188.83		7205311488	70.98	59.61	59.89	0.00	
880587	聚氨酯	1.24	4334.97		14825800704	61.45	57.26	57.26	-0.00	
880719	地摊经济	0.17	1332.09		7075302912	59.13	54.50	54.13	-0.00	
880733	人脑工程	-0.00	1022.85		5713941504	55.61	51.87	50.21	-0.00	
880961	小米概念	0.04	1725.65		36982521856	60.14	53.41	52.31	-0.00	
880976	新冠检测	-2.14	899.69		17459091456	41.10	46.04	47.44	-0.00	
880916	国产软件	-1.71	1976.99		22543947776	52.75	53.56	54.12	-0.00	
880920	免疫治疗	-3.21	1478.21		9737391104	34.90	43.03	47.38	-0.01	
880528	环渤海	0.20	1348.49		50639491072	65.08	52.85	48.74	-0.01	
880906	智能家居	-0.35	2508.09		33091223552	63.19	55.21	51.89	-0.01	
880577	安防服务	0.40	4897.76		26630942720	50.79	50.37	52.44	-0.01	
880725	MiniLED	0.09	972.38		28475035648	44.71	46.44	47.16	-0.01	
880600	油气改革	0.54	1091.71		4282175488	54.80	52.33	51.83	-0.01	
880530	三网融合	0.64	884.32		9390930944	69.26	57.78	53.25	-0.01	
880513	海峡西岸	0.78	1539.63		24263172096	71.53	55.80	51.37	-0.01	
880949	智慧城市	-0.43	805.96		44039266304	51.98	50.72	51.77	-0.01	
880965	超清视频	0.39	1913.65		33636061184	39.00	44.89	49.93	-0.01	
880589	智能穿戴	-0.97	2185.68		41466785792	43.33	47.79	51.17	-0.02	
880796	医废处理	0.70	1037.53		2827573504	69.24	59.21	56.30	-0.02	
880598	博彩概念	1.01	1666.59		7169924096	69.98	56.88	51.19	-0.02	
880948	人工智能	-1.21	1287.01		37467541504	45.11	47.98	50.41	-0.02	
880718	RCS概念	0.07	928.00		4973992448	59.38	52.21	51.35	-0.02	
880567	海南自贸	0.48	3328.99		11984160768	66.10	54.88	51.69	-0.02	
880921	阿里概念	-0.17	1140.33		23459913728	60.11	53.13	50.08	-0.02	
880903	水产品	-0.14	622.18		759241280	65.86	53.74	48.54	-0.02	
880726	MCU芯片	0.49	978.90		25087787008	44.11	44.88	45.27	-0.02	
880563	食品安全	0.55	2525.99		5402543616	57.67	51.23	47.96	-0.02	
880597	养老概念	-0.16	1167.83		14427837440	65.60	54.62	50.64	-0.02	
880529	次新股	0.43	2556.66		60592586752	62.59	53.80	51.13	-0.02	
880959	知识产权	-0.12	753.30		5222928384	60.60	52.18	49.26	-0.03	
880927	抗癌	-1.66	2330.01		22418896896	44.33	45.05	46.22	-0.03	
880704	工业大麻	0.20	744.85		9243106304	59.86	50.94	49.19	-0.03	
880794	远程办公	-1.21	1154.82		5812656128	52.99	49.99	49.66	-0.03	
880522	成渝特区	-0.57	2415.22		62126776320	63.99	53.17	49.62	-0.03	
880526	长三角	-0.11	1558.95		34397114368	50.08	44.27	44.02	-0.03	
880519	碳交易	2.04	1314.91		32744415232	67.37	56.86	53.78	-0.03	
880557	生物疫苗	-2.10	4346.34		27566917632	38.52	44.81	47.36	-0.03	
880946	区块链	-0.79	823.95		57540186112	53.85	49.91	49.02	-0.04	
880552	金融改革	0.05	1462.20		14578024448	54.71	47.49	47.15	-0.04	
880932	农村金融	-0.50	928.14		9260627968	63.92	54.59	50.24	-0.04	
880912	电商概念	-0.74	1405.21		9271732224	52.07	48.81	48.42	-0.04	
880941	跨境电商	-0.29	929.33		9929814016	63.66	51.15	44.52	-0.04	
880504	长株潭	-0.68	1577.71		20197199872	54.53	48.67	48.91	-0.04	
880929	维生素	-0.28	1559.13		4699035648	56.87	48.65	45.00	-0.04	
880502	含B股	-0.04	1448.91		15070672896	65.58	53.42	50.61	-0.04	
880935	智能电视	-0.52	1174.05		11931705344	45.55	44.48	46.92	-0.04	
880527	泛珠三角	-0.72	4238.54		91589623808	56.53	48.07	45.38	-0.04	
880515	通达信88	-0.63	2622.70		98633236480	60.43	49.07	44.30	-0.04	
880931	装饰园林	1.32	863.22		5459517440	68.22	53.95	48.34	-0.05	
880953	租购同权	1.13	680.36		3555228416	66.07	52.19	48.09	-0.05	
880908	在线教育	-0.39	829.78		14592229376	49.00	43.32	42.78	-0.05	
880591	上海自贸	0.36	1823.32		11542849536	58.90	47.62	47.06	-0.05	
880593	婴童概念	-0.45	2180.05		12802130944	52.62	46.61	44.65	-0.06	
880572	新零售	-0.74	1109.06		9672761344	56.46	46.57	42.35	-0.06	
880585	风沙治理	1.74	1110.48		2143993984	69.59	57.75	54.53	-0.06	
880933	智能医疗	-1.59	1528.41		16238174208	45.68	44.04	44.69	-0.06	
880960	仿制药	-1.70	1133.79		19275941888	41.71	40.78	41.12	-0.06	
880722	鸿蒙概念	-1.37	991.77		9303524352	33.28	41.25	44.37	-0.06	
880956	腾讯概念	-0.22	644.04		3846774016	54.57	43.71	40.32	-0.06	
880936	猪肉	-0.51	1971.14		8920387584	66.93	51.50	42.87	-0.07	
880791	网红经济	-0.80	898.62		10678549504	51.26	43.10	40.98	-0.07	
880599	民营医院	-1.97	2564.87		22887587840	41.64	42.12	44.92	-0.07	
880596	体育概念	-0.04	1341.46		6972429312	48.15	42.77	41.88	-0.08	
880913	基因概念	-1.56	2975.25		14693727232	38.43	41.37	44.33	-0.09	
880590	网络游戏	-0.27	985.48		15680845824	45.56	38.38	38.89	-0.09	
880564	白酒概念	-1.99	8929.32		42875211776	53.02	44.58	42.06	-0.11	
880973	医美概念	-2.11	1300.93		16389950464	42.90	39.28	41.50	-0.12	
880556	IP变现	0.09	877.55		4474233344	38.11	29.60	29.94	-0.13	
数据来源:通达信
