历史行情.指标排序板块指数 日期:2021-08-09,一 指标:RSI(6,12,24)   EXTRS20(20)   
代码   	名称	 涨幅%	 收盘	成交量	总金额	RSI1	RSI2	RSI3	EXTRS20	
880430	航空	-0.25	2362.78		24297371648	74.72	69.38	64.75	0.18	
880447	工程机械	3.39	1405.60		22082789376	83.82	74.55	65.38	0.16	
880440	工业机械	0.07	2152.24		48412864512	72.32	69.95	68.17	0.11	
880351	矿物制品	-1.26	1744.42		5380485120	65.26	67.17	67.49	0.10	
880324	有色	-0.76	1066.29		109364363264	59.30	61.57	62.59	0.10	
880318	钢铁	1.47	1147.61		17902034944	60.03	58.17	57.54	0.09	
880301	煤炭	0.29	780.73		17097317376	67.14	59.62	56.29	0.08	
880335	化工	0.58	2151.01		104993431552	69.37	66.08	65.94	0.06	
880330	化纤	0.95	3097.74		9737755648	52.18	54.50	55.27	0.05	
880455	供气供热	0.84	755.86		4538959872	84.99	72.08	62.13	0.05	
880490	通信设备	-0.06	1658.57		33724094464	69.04	65.19	61.62	0.05	
880476	建筑	0.96	1189.26		14681035776	69.75	65.10	61.74	0.05	
880344	建材	2.20	1796.75		21389182976	70.31	62.40	56.84	0.05	
880446	电气设备	-2.63	2199.50		123223801856	54.24	58.54	60.92	0.04	
880437	通用机械	-0.24	1401.15		16012216320	65.42	65.26	64.45	0.04	
880491	半导体	-2.93	3623.31		71674183680	42.84	52.36	58.05	0.03	
880390	汽车类	-0.78	2359.02		56572563456	64.87	62.04	60.35	0.03	
880432	运输设备	1.53	1188.73		2850814976	73.29	62.44	55.37	0.02	
880431	船舶	0.47	582.37		2786328320	67.80	59.67	53.83	0.02	
880489	IT设备	0.03	1601.55		10639642624	62.71	59.25	57.31	0.02	
880492	元器件	-0.20	2854.92		80286179328	62.05	60.25	59.63	0.02	
880414	商贸代理	1.37	1077.74		4700454400	66.36	57.17	55.50	0.02	
880452	电信运营	1.91	934.30		2059558400	65.81	56.51	51.40	0.01	
880454	水务	0.52	1111.55		820406080	71.12	59.08	52.46	0.01	
880399	家居用品	5.26	3102.42		3310292480	74.44	58.95	49.54	0.01	
880305	电力	0.65	1492.12		16982218752	72.41	58.89	53.56	0.00	
880448	电器仪表	0.19	5003.43		17819467776	50.31	52.25	54.05	0.00	
880456	环境保护	0.70	1265.62		10755613696	57.78	54.75	54.62	-0.00	
880497	综合类	-1.20	1115.72		6215188480	64.20	60.72	61.36	-0.00	
880472	证券	2.30	1495.90		38039056384	59.33	52.84	50.39	-0.01	
880387	家用电器	3.05	4081.05		15722305536	71.01	56.89	49.14	-0.01	
880372	食品饮料	4.83	3407.32		22654529536	64.39	52.33	46.04	-0.01	
880453	公共交通	0.70	898.30		522042912	63.76	52.89	50.82	-0.02	
880493	软件服务	1.99	2726.55		48077647872	57.80	53.73	53.26	-0.02	
880421	广告包装	0.99	1347.11		2969519872	50.88	47.40	47.68	-0.03	
880360	农林牧渔	4.21	1935.68		20663158784	71.21	56.27	48.35	-0.03	
880474	多元金融	0.64	1079.23		2759662080	58.60	48.74	45.13	-0.03	
880400	医药	0.80	2699.93		62508224512	45.17	45.20	46.62	-0.04	
880471	银行	1.93	1939.56		21315633152	54.32	42.74	40.48	-0.04	
880406	商业连锁	2.65	842.67		8989089792	56.31	45.70	40.45	-0.04	
880367	纺织服饰	1.20	1030.29		6038860288	52.42	44.42	46.37	-0.05	
880465	交通设施	1.42	1380.19		2058881920	48.51	40.23	40.37	-0.05	
880350	造纸	2.94	1520.04		4570314752	60.39	47.77	43.78	-0.05	
880464	仓储物流	2.36	1935.42		4116073216	57.94	48.03	44.51	-0.05	
880310	石油	0.08	615.41		4417102336	35.66	34.86	41.08	-0.06	
880482	房地产	3.27	1234.57		16188486656	65.83	47.98	41.27	-0.06	
880398	医疗保健	1.35	5999.01		27495143424	46.24	44.20	45.33	-0.07	
880473	保险	2.77	1736.43		8231653888	52.13	40.27	37.38	-0.07	
880355	日用化工	2.07	1944.79		1381073536	54.75	46.12	45.82	-0.07	
880418	传媒娱乐	2.69	883.94		5876206592	43.84	34.77	33.26	-0.08	
880459	运输服务	0.76	994.64		8227535872	43.80	37.92	41.03	-0.09	
880422	文教休闲	2.24	1848.48		4662555136	49.65	41.67	38.41	-0.09	
880424	旅游	3.45	4365.72		5842431488	54.36	44.83	42.60	-0.10	
880494	互联网	1.59	1985.86		8426054144	38.97	35.54	37.83	-0.10	
880380	酿酒	1.61	7481.56		35820670976	36.92	34.15	37.00	-0.13	
880423	酒店餐饮	4.91	1165.22		898631552	49.28	37.51	36.35	-0.15	
数据来源:通达信
