历史行情.指标排序板块指数 日期:2021-07-21,三 指标:RSI(6,12,24)   EXTRS20(20)   
代码   	名称	 涨幅%	 收盘	成交量	总金额	RSI1	RSI2	RSI3	EXTRS20	
880324	有色	4.43	1015.03		99390062592	83.83	78.21	70.79	0.24	
880330	化纤	2.11	3054.85		10335204352	61.91	63.12	59.26	0.18	
880446	电气设备	3.88	2137.92		96629735424	69.20	68.76	67.49	0.17	
880497	综合类	3.13	1096.02		7305723904	64.94	68.73	70.43	0.16	
880351	矿物制品	2.99	1655.97		5168218112	85.88	81.17	74.25	0.15	
880335	化工	3.00	2064.95		98013356032	73.76	73.18	71.85	0.14	
880491	半导体	4.48	3530.58		86904954880	71.57	68.04	67.15	0.12	
880318	钢铁	1.85	1097.44		20616359936	65.42	64.08	60.03	0.09	
880448	电器仪表	4.07	5183.66		21866037248	79.52	70.39	64.65	0.08	
880440	工业机械	2.63	1994.59		41812287488	76.50	71.66	68.14	0.07	
880437	通用机械	2.33	1336.68		12792238080	64.89	64.95	64.13	0.07	
880456	环境保护	1.83	1289.43		11197674496	70.68	68.18	63.17	0.05	
880430	航空	1.93	2124.62		19990304768	75.51	66.00	60.66	0.04	
880476	建筑	0.09	1150.80		15775139840	65.47	63.88	59.22	0.03	
880492	元器件	0.58	2780.89		84815740928	65.44	62.56	61.24	0.03	
880400	医药	1.31	2930.85		80062406656	76.07	63.21	57.98	0.03	
880447	工程机械	-0.40	1217.11		10869529600	56.92	53.19	48.91	0.02	
880421	广告包装	0.64	1399.28		3192514816	71.00	63.73	58.03	0.02	
880344	建材	1.35	1743.12		19418865664	59.48	54.55	51.15	0.02	
880493	软件服务	1.97	2776.87		55630680064	60.80	58.78	57.99	0.02	
880367	纺织服饰	0.04	1073.56		9196655616	37.38	48.25	54.30	0.01	
880490	通信设备	0.34	1583.36		28334587904	65.36	60.28	58.06	0.01	
880380	酿酒	-0.23	8926.62		41239658496	55.67	49.57	49.42	0.01	
880455	供气供热	-0.35	723.51		2919171840	49.99	52.66	51.15	0.00	
880301	煤炭	-1.18	766.93		13711010816	59.97	56.84	55.25	0.00	
880465	交通设施	0.08	1436.80		2291084032	41.28	46.55	47.36	0.00	
880390	汽车类	2.91	2233.39		54798200832	61.21	58.15	58.49	-0.00	
880472	证券	1.26	1506.50		34193479680	59.86	52.33	50.40	-0.01	
880494	互联网	0.41	2194.30		12818298880	49.52	50.90	50.92	-0.01	
880360	农林牧渔	1.15	1939.04		21269313536	36.92	37.82	40.16	-0.01	
880489	IT设备	0.53	1570.93		8064551424	61.86	57.93	57.00	-0.01	
880452	电信运营	-0.19	932.64		1427574016	53.52	49.76	48.39	-0.02	
880432	运输设备	-0.26	1156.15		1689396992	45.67	44.21	44.72	-0.02	
880454	水务	1.81	1098.72		955984896	53.53	47.80	46.20	-0.02	
880414	商贸代理	1.40	1097.80		4665941504	69.72	61.58	60.90	-0.03	
880453	公共交通	0.37	899.99		439568896	41.18	45.56	49.68	-0.03	
880398	医疗保健	0.85	6505.09		29956888576	54.50	50.22	51.36	-0.03	
880406	商业连锁	-0.05	870.48		7078846976	29.83	31.00	35.13	-0.03	
880305	电力	-0.33	1465.34		19430135808	28.87	39.72	46.35	-0.04	
880459	运输服务	-1.60	1067.36		10096156672	31.54	39.69	47.24	-0.04	
880471	银行	-0.38	2002.67		15404712960	31.54	35.54	39.79	-0.04	
880387	家用电器	-0.03	4098.45		13660559360	38.74	40.10	41.51	-0.04	
880424	旅游	-2.72	4789.38		5585629184	47.65	46.20	45.49	-0.04	
880474	多元金融	0.26	1078.48		2462605824	20.41	29.13	37.67	-0.04	
880355	日用化工	1.10	2018.91		1663824000	36.06	40.78	46.85	-0.05	
880431	船舶	-0.03	563.66		1533200256	42.70	41.05	43.34	-0.05	
880350	造纸	0.40	1576.40		4556198400	33.31	36.73	41.93	-0.05	
880464	仓储物流	-0.18	1981.52		5111434752	26.93	35.76	40.82	-0.05	
880482	房地产	-0.47	1276.40		11363329024	21.50	29.46	35.29	-0.05	
880418	传媒娱乐	0.11	954.33		5823261184	29.04	30.55	35.05	-0.07	
880372	食品饮料	-1.24	3437.99		20084006912	31.34	34.36	38.29	-0.07	
880399	家居用品	0.10	3076.04		2379453952	35.09	36.30	39.77	-0.08	
880473	保险	-0.26	1844.99		5799447040	33.83	34.16	36.63	-0.08	
880423	酒店餐饮	-3.11	1352.78		780280704	38.33	39.18	41.61	-0.08	
880422	文教休闲	-1.51	1946.01		3504638464	20.91	26.84	33.01	-0.09	
880310	石油	-0.63	624.48		2884942848	12.31	27.52	41.04	-0.10	
数据来源:通达信
