历史行情.指标排序板块指数 日期:2021-07-23,五 指标:RSI(6,12,24)   EXTRS20(20)   
代码   	名称	 涨幅%	 收盘	成交量	总金额	RSI1	RSI2	RSI3	EXTRS20	
880324	有色	0.60	1045.70		125022208000	88.01	81.39	73.21	0.26	
880351	矿物制品	0.20	1680.16		7145159168	88.64	83.21	75.74	0.17	
880491	半导体	0.29	3657.22		88012840960	78.69	72.54	69.84	0.16	
880497	综合类	-2.87	1087.89		7492968448	54.91	62.38	66.38	0.15	
880446	电气设备	-0.54	2146.16		107613241344	67.77	68.19	67.27	0.14	
880335	化工	-0.83	2084.99		117630738432	71.11	72.09	71.43	0.14	
880318	钢铁	1.48	1169.49		36274532352	81.19	74.52	66.78	0.14	
880330	化纤	-1.62	3149.96		14804339712	65.34	65.45	61.31	0.13	
880440	工业机械	0.63	2032.49		46652153856	82.26	75.58	70.65	0.10	
880430	航空	3.71	2201.14		29072857088	82.77	71.28	63.92	0.09	
880437	通用机械	-0.12	1338.11		17545310208	64.69	64.91	64.14	0.06	
880448	电器仪表	-0.39	5159.62		20466941952	74.02	67.93	63.50	0.05	
880456	环境保护	-1.43	1277.87		12311438336	54.96	60.08	59.40	0.05	
880476	建筑	1.14	1176.61		19621773312	82.33	74.60	65.98	0.04	
880447	工程机械	-0.14	1271.25		15385604096	75.82	65.48	55.90	0.03	
880390	汽车类	1.18	2277.37		63259222016	70.65	63.43	61.24	0.03	
880493	软件服务	-2.48	2719.40		57647345664	43.18	49.71	53.21	0.02	
880492	元器件	-1.62	2770.47		94901501952	53.45	57.79	59.12	0.02	
880421	广告包装	-1.71	1389.81		3360700416	48.88	54.10	54.20	0.01	
880490	通信设备	-1.01	1553.20		29482934272	43.12	50.73	53.51	0.00	
880344	建材	-1.25	1732.73		20174657536	49.93	50.66	49.51	0.00	
880432	运输设备	1.41	1178.38		3518603520	72.44	59.80	52.13	-0.00	
880455	供气供热	-1.49	717.57		2466481408	39.62	46.94	48.65	-0.01	
880465	交通设施	-0.36	1433.69		3218060544	37.00	44.54	46.54	-0.01	
880301	煤炭	0.62	778.38		16857602048	68.74	60.97	57.25	-0.01	
880472	证券	0.86	1545.13		61680902144	76.39	62.57	55.60	-0.01	
880454	水务	0.11	1109.17		1063526784	62.77	54.11	49.63	-0.01	
880453	公共交通	-0.11	910.05		610489856	55.76	51.93	52.45	-0.02	
880367	纺织服饰	-1.73	1046.85		8237159424	19.21	35.44	46.80	-0.02	
880494	互联网	-2.43	2132.22		13475255296	24.93	36.54	43.48	-0.02	
880452	电信运营	-0.54	929.67		1858086912	48.58	47.77	47.48	-0.02	
880431	船舶	1.55	570.60		3093879296	60.00	49.78	47.17	-0.03	
880489	IT设备	-2.20	1523.72		8632230912	33.64	44.82	50.64	-0.03	
880400	医药	-2.72	2767.22		74671652864	34.61	42.65	47.49	-0.03	
880305	电力	-1.11	1454.81		21704986624	26.84	37.21	44.66	-0.04	
880360	农林牧渔	-2.09	1899.51		18719252480	24.12	31.07	36.68	-0.05	
880414	商贸代理	-1.59	1074.05		4743439872	44.17	50.73	55.49	-0.05	
880474	多元金融	0.72	1094.71		3918104320	50.72	43.21	43.52	-0.05	
880482	房地产	-0.84	1275.93		14894329856	29.12	32.45	36.40	-0.05	
880406	商业连锁	-1.34	851.91		7063211008	14.41	22.41	30.26	-0.05	
880471	银行	-0.40	2006.24		13639268352	36.57	37.72	40.72	-0.05	
880355	日用化工	-0.09	2007.91		2590528768	32.90	39.38	46.10	-0.06	
880424	旅游	-1.66	4678.27		4570031104	38.49	41.62	43.17	-0.06	
880464	仓储物流	-0.89	1959.52		4531696640	21.11	32.14	38.87	-0.06	
880380	酿酒	-2.44	8563.49		40338767872	29.14	37.35	43.50	-0.06	
880418	传媒娱乐	-1.77	940.56		7281605120	22.02	26.93	32.87	-0.07	
880459	运输服务	-3.19	1040.46		13702608896	24.72	34.11	43.19	-0.08	
880387	家用电器	-2.60	3949.72		14558683136	18.38	28.45	35.27	-0.08	
880350	造纸	-3.10	1531.60		5195203072	20.49	28.64	37.26	-0.08	
880399	家居用品	-1.04	3037.56		2837001216	24.23	31.86	37.72	-0.09	
880398	医疗保健	-3.22	6153.48		32331960320	28.63	37.28	44.27	-0.09	
880423	酒店餐饮	-3.38	1285.97		770486272	24.91	30.86	36.74	-0.09	
880310	石油	-0.64	628.49		3774283776	28.14	33.27	42.88	-0.09	
880473	保险	-0.89	1855.82		6378782720	41.12	38.01	38.44	-0.10	
880372	食品饮料	-1.94	3352.98		18203371520	21.01	28.40	34.82	-0.10	
880422	文教休闲	-2.38	1883.35		3509991680	12.53	20.87	29.14	-0.12	
数据来源:通达信
