15168209723;管理员;f3bff7e836604e4113d7a74aa8cc5e56;0;20,19,18,17,16,15,14,13,12,11,10,9,5,2,1
15558005686;贝儿;9542f7bcd85b1bd50da90bdd2c21d00f;2;20,19,18,17,16,15,14,13,12,11,10,9,5,2,1
13758251024;基德;862f0e116dfb4d921a10be92a1a557fc;1;18,17,16,15,14,13,10,9,2
18257193360;郭桂英;6e0801f455aaa713983b67671ee1ccd7;2;2
18314868950;孔晨晨;7c00b96b844925a7e4ffcf687bd7f5f2;2;2
18789980806;路飞;23e8e998df7b9658ff651c2b26d881f5;1;22,21,20,19,18,17,16,15,14,13,12,11,10,9,5,2,1
18857123671;江升华;cd0d964d492f972fdb29687743543bbc;2;20,19,18,17,16,15,14,13,10,9,5,2
18368123326;罗永源;824f13cd09f2f1fc280f967ea905f883;2;18,17,16,15,14,13,12,5,2
13616555604;刘艳青;93115a173ac5731bf38a392d73338bd2;1;1
18551087726;洪璐;18c396df3c3f3cb9e4fb1ac043c53f84;20;20,19,18,17,16,15,14,13,10,9,2
18888775271;碧景园;32f68a60cef40faedbc6af20298c1a1e;9;9
15957633213;黄龙雅苑;32f68a60cef40faedbc6af20298c1a1e;10;10
13588443036;冯瑾;52a9e7a028365f63e6498e4159f6ce58;2;20,1
18611928086;贾利鹏;cce0f80174e420ef3ff2b135df88543f;2;18,17,16,15,14,13,10,9,2
13336103666;陈坚;0e70463d56d6bc65144552afbd9be6a0;10;10
13967161469;李勤林;cd1e04052083766bf7da7d6264ed789f;9;9
15505888250;丁凯;9dae18a4ac368187183c36dcff2cda78;13;17,16,15,14,13
18888775271;周建辉;ab3ec473b18d7fa385739f183b6a7c0f;9;9
15957633213;金思琪;cdae03ca43b566ae72c1193f595f20ea;10;10
13758116649;徐威明;c73afdcb054ec4e4459931ac354d1ecd;13;17,16,15,14,13
13372562169;章金平;e6ea869007bfd866b25312e11e7f1dda;16;16,14
18868700368;龙耀芳;1101836270b21f58905ca26eb1513f7f;18;18
13588194587;韩卫平;644e2f8748ab1a6b5a1191298006e613;18;18
13858120552;翟电;14c65d29bfaa2c99d5be454938366bf8;2;2
13094804590;基德2;8f0a3bd6496da630de23ea538d2e9e9c;20;10000002,2,1
15957203020;汪谢景;d5de60c1606165fde9fbb609500d5652;18;18
13646850399;续珣;a8e909c197ddb6542c2eae6737c94c4c;19;19
13588881597;黄山;bc5ecde0bd92fa39f07eec324c510f7c;12;22,21,20,19,18,17,16,15,14,13,12,10,9,2
15925677587;方瑜瑜;084398a6c39eff9c55a8db2766431c5a;21;22,21
18072753210;翟学南;41e6d7e8e66a72a0708278241cd86202;21;21
18858184699;侯朝洋;c3e1f8390997167aedcc06c5515eb295;22;22
13516811716;於慧萍;41c56768c337c661ea56d357b1a1fbb9;22;22,21
15088532883;杨俊敏;da7a44babf0734bc258f5496c46f4eef;22;22,21
13989803986;钱塘品管;cb443154f8d5b257450653cc4744ef2a;17;17,16,15,14,13
