13567377756
15669096688
18222222222
13735411480
15168367420
13666678101
13291891662
18057182151
17602120370
18222222222
18814885703
15925659095
15068304040
18058780891
18968074346
18222222222
18862356127
15858116003
15821185799
18667166115
13735514378
18336682328
13588881597
18605888035
13706558008
18816959718
18626881580
13285742977
13282161510
13586546359
15306661836
18606866031
15867678702
15968942010
15700123279
13967120605
13968070555
18058777089
17354210924
13123810609
13777063228
18314868950
18257193360
18314873545
15558005686
18368123326
18551087726
14400000004
13858120552
18296388280
15757152416
15158005066
15088658783
18750117156
15651710790
17815617017
13386535099
