975;84;6;2;29;沈菊;物业人员;2;13588327010;;;f3267bf6c2f0d3ddbbcd83d62d7e1073;;;;1;1;2;0;;1;80;5;0;1;607;607;1;0;0;0;0;0;00/00/0000 00:00:00;07/10/2017 16:03:12;客服主管
982;87;4;2;29;陈立江;物业人员;1;13819463619;;;9b5441f8aa8efd6420090fd24c39793a;;;;1;1;2;0;;1;80;5;0;1;615;615;1;0;0;0;0;0;00/00/0000 00:00:00;07/10/2017 16:23:32;秩序维护员-白班1岗
977;85;3;2;29;王军;物业人员;1;13867458823;;;41bd317e3c111d74942cf424d48ffbda;;;;1;1;2;0;;1;80;5;0;1;609;609;1;0;0;0;0;0;00/00/0000 00:00:00;07/10/2017 16:06:40;工程主管
980;87;4;2;29;周磊;物业人员;1;13967170449;;;441901bb7039eaa3f08f0f45484f66e5;;;;1;1;2;0;;1;80;5;0;1;613;613;1;0;0;0;0;0;00/00/0000 00:00:00;07/10/2017 16:21:46;秩序维护员-白班3岗
984;87;4;2;29;王春华;物业人员;1;15038798321;;;a59543440c62deb60cb98afc7ce0cc70;;;;1;1;2;0;;1;80;5;0;1;617;617;1;0;0;0;0;0;00/00/0000 00:00:00;07/10/2017 16:25:24;秩序维护员-夜班2岗
979;86;2;2;29;高祥英;物业人员;2;15158049755;;;b2fc109c62ffb2d5425335ea89be6b00;;;;1;1;2;0;;1;80;5;0;1;612;612;1;0;0;0;0;0;00/00/0000 00:00:00;07/10/2017 16:18:36;保洁主管
978;87;4;2;29;张海涛;物业人员;1;15268814624;;;7dfdba5041095585e5aecdb99b150563;;;;1;1;2;0;;1;80;5;0;1;611;611;1;0;0;0;0;0;00/00/0000 00:00:00;07/10/2017 16:17:32;秩序主管
983;87;4;2;29;庞传发;物业人员;1;15637781561;;;e450f16d38451c615e1f0b0c6a7ed089;;;;1;1;2;0;;1;80;5;0;1;616;616;1;0;0;0;0;0;00/00/0000 00:00:00;07/10/2017 16:24:33;秩序维护员-夜班1岗
981;87;4;2;29;陆家新;物业人员;1;15973802195;;;502349a09705bf4f2f8e83373a191c6a;;;;1;1;2;0;;1;80;5;0;1;614;614;1;0;0;0;0;0;00/00/0000 00:00:00;07/10/2017 16:22:43;秩序维护员-白班2岗
974;84;6;1;29;徐光荗;物业人员;1;18329145008;;;da28283c6b1a6ead77bfa42b62cb20d0;;;;0;0;2;0;;1;80;5;0;1;606;606;0;0;2;0;0;0;00/00/0000 00:00:00;07/10/2017 16:01:40;物业经理
976;84;6;2;29;张海燕;物业人员;2;18358181923;;;a8d6f57552499d1cbe95698da200695f;;;;1;1;2;0;;1;80;5;0;1;608;608;1;0;0;0;0;0;00/00/0000 00:00:00;07/10/2017 16:04:10;客服
985;87;4;2;29;张震;物业人员;1;18368846479;;;c7e43ae4b13be9dbdb2aa2d1f1fe7f86;;;;1;1;2;0;;1;80;5;0;1;618;618;1;0;0;0;0;0;00/00/0000 00:00:00;07/10/2017 16:26:08;秩序维护员-夜班3岗
