2,1,1,0201
3,1,1,0301
4,1,1,0401
5,1,1,0501
6,1,1,0601
7,1,1,0701
8,1,1,0801
9,1,1,0901
10,1,1,1001
11,1,1,1101
12,1,1,1201
13,1,1,1301
14,1,1,1401
15,1,1,1501
16,1,1,1601
17,1,1,1701
20,1,2,0302
28,1,2,1102
35,2,1,0101
36,2,1,0201
37,2,1,0301
38,2,1,0401
39,2,1,0501
40,2,1,0601
41,2,1,0701
42,2,1,0801
43,2,1,0901
44,2,1,1001
45,2,2,0102
46,2,2,0202
47,2,2,0302
48,2,2,0402
49,2,2,0502
50,2,2,0602
51,2,2,0702
52,2,2,0802
53,2,2,0902
54,2,2,1002
55,3,1,0101
56,3,1,0201
57,3,1,0301
58,3,1,0401
59,3,1,0501
60,3,1,0601
61,3,1,0701
62,3,1,0801
63,3,1,0901
64,3,1,1001
65,3,1,0102
66,3,1,0202
67,3,1,0302
68,3,1,0402
69,3,1,0502
70,3,1,0602
71,3,1,0702
72,3,1,0802
73,3,1,0902
74,3,1,1002
75,4,1,0101
76,4,1,0201
77,4,1,0301
78,4,1,0401
79,4,1,0501
80,4,1,0601
81,4,1,0701
82,4,1,0801
83,4,1,0901
84,4,1,1001
85,4,1,0102
86,4,1,0202
87,4,1,0302
88,4,1,0402
89,4,1,0502
90,4,1,0602
91,4,1,0702
92,4,1,0802
93,4,1,0902
94,4,1,1002
95,6,1,0101
96,6,1,0201
97,6,1,0301
98,6,1,0401
99,6,1,0501
100,6,1,0601
101,6,1,0701
102,6,1,0801
103,6,1,0901
104,6,1,1001
105,6,1,1101
106,6,1,1201
107,6,1,1301
108,6,1,1401
109,6,1,0102
110,6,1,0202
111,6,1,0302
112,6,1,0402
113,6,1,0502
114,6,1,0602
115,6,1,0702
116,6,1,0802
117,6,1,0902
118,6,1,1002
119,6,1,1102
120,6,1,1202
121,6,1,1302
122,6,1,1402
123,6,2,0101
124,6,2,0201
125,6,2,0301
126,6,2,0401
127,6,2,0501
128,6,2,0601
129,6,2,0701
130,6,2,0801
131,6,2,0901
132,6,2,1001
133,6,2,1101
134,6,2,1201
135,6,2,1301
136,6,2,1401
137,6,2,0102
138,6,2,0202
139,6,2,0302
140,6,2,0402
141,6,2,0502
142,6,2,0602
143,6,2,0702
144,6,2,0802
145,6,2,0902
146,6,2,1002
147,6,2,1102
148,6,2,1202
149,6,2,1302
150,6,2,1402
151,8,1,0101
152,8,1,0201
153,8,1,0301
154,8,1,0401
155,8,1,0501
156,8,1,0601
157,8,1,0701
158,8,1,0801
159,8,1,0901
160,8,1,1001
161,8,1,1101
162,8,1,1201
163,8,1,1301
164,8,1,1401
165,8,1,1501
166,8,1,1601
167,8,1,0102
168,8,1,0202
169,8,1,0302
170,8,1,0402
171,8,1,0502
172,8,1,0602
173,8,1,0702
174,8,1,0802
175,8,1,0902
176,8,1,1002
177,8,1,1102
178,8,1,1202
179,8,1,1302
180,8,1,1402
181,8,1,1502
182,8,1,1602
198,8,2,1601
199,8,2,0101
200,8,2,0201
201,8,2,0301
202,8,2,0401
203,8,2,0501
204,8,2,0601
205,8,2,0701
206,8,2,0801
207,8,2,0901
208,8,2,1001
209,8,2,1101
210,8,2,1201
211,8,2,1301
212,8,2,1401
213,8,2,1501
215,8,2,1701
216,8,2,0102
217,8,2,0202
218,8,2,0302
219,8,2,0402
220,8,2,0502
221,8,2,0602
222,8,2,0702
223,8,2,0802
224,8,2,0902
225,8,2,1002
226,8,2,1102
227,8,2,1202
228,8,2,1302
229,8,2,1402
230,8,2,1502
231,8,2,1602
232,8,2,1702
233,7,1,0101
234,7,1,0201
235,7,1,0301
236,7,1,0401
237,7,1,0501
238,7,1,0601
239,7,1,0701
240,7,1,0801
241,7,1,0901
242,7,1,1001
243,7,1,1101
244,7,1,1201
245,7,1,1301
246,7,1,0102
247,7,1,0202
248,7,1,0302
249,7,1,0402
250,7,1,0502
251,7,1,0602
252,7,1,0702
253,7,1,0802
254,7,1,0902
255,7,1,1002
256,7,1,1102
257,7,1,1202
258,7,1,1302
259,7,2,0101
260,7,2,0201
261,7,2,0301
262,7,2,0401
263,7,2,0501
264,7,2,0601
265,7,2,0701
266,7,2,0801
267,7,2,0901
268,7,2,1001
269,7,2,1101
270,7,2,1201
271,7,2,1301
272,7,2,0102
273,7,2,0202
274,7,2,0302
275,7,2,0402
276,7,2,0502
277,7,2,0602
278,7,2,0702
279,7,2,0802
280,7,2,0902
281,7,2,1002
282,7,2,1102
283,7,2,1202
284,7,2,1302
285,5,1,0101
286,5,1,0201
287,5,1,0301
288,5,1,0401
289,5,1,0501
290,5,1,0601
291,5,1,0701
292,5,1,0801
293,5,1,0901
294,5,1,0102
295,5,1,0202
296,5,1,0302
297,5,1,0402
298,5,1,0502
299,5,1,0602
300,5,1,0702
301,5,1,0802
302,5,1,0902
303,2,1,0102
304,2,1,0202
305,2,1,0302
306,2,1,0402
307,2,1,0502
308,2,1,0602
309,2,1,0702
310,2,1,0802
311,2,1,0902
312,2,1,1002
313,9,1,0101
314,9,1,0201
315,9,1,0301
316,9,1,0401
317,9,1,0501
318,9,1,0601
319,9,1,0701
320,9,1,0801
321,9,1,0901
322,9,1,1001
323,9,1,1101
324,9,1,1201
325,9,1,1301
326,9,1,1401
327,9,1,1501
328,9,1,1601
329,9,1,1701
330,9,1,1801
331,9,1,0102
332,9,1,0202
333,9,1,0302
334,9,1,0402
335,9,1,0502
336,9,1,0602
337,9,1,0702
338,9,1,0802
339,9,1,0902
340,9,1,1002
341,9,1,1102
342,9,1,1202
343,9,1,1302
344,9,1,1402
345,9,1,1502
346,9,1,1602
347,9,1,1702
348,9,1,1802
349,9,2,0101
350,9,2,0201
351,9,2,0301
352,9,2,0401
353,9,2,0501
354,9,2,0601
355,9,2,0701
356,9,2,0801
357,9,2,0901
358,9,2,1001
359,9,2,1101
360,9,2,1201
361,9,2,1301
362,9,2,1401
363,9,2,1501
364,9,2,1601
365,9,2,1701
366,9,2,1801
367,9,2,0102
368,9,2,0202
369,9,2,0302
370,9,2,0402
371,9,2,0502
372,9,2,0602
373,9,2,0702
374,9,2,0802
375,9,2,0902
376,9,2,1002
377,9,2,1102
378,9,2,1202
379,9,2,1302
380,9,2,1402
381,9,2,1502
382,9,2,1602
383,9,2,1702
384,9,2,1802
385,11,1,0101
386,11,1,0201
387,11,1,0301
388,11,1,0401
389,11,1,0501
390,11,1,0601
391,11,1,0701
392,11,1,0801
393,11,1,0901
394,11,1,1001
395,11,1,1101
396,11,1,1201
397,11,1,1301
398,11,1,1401
399,11,1,1501
400,11,1,1601
401,11,1,1701
402,11,1,1801
403,11,1,1901
404,11,1,2001
405,11,1,0102
406,11,1,0202
407,11,1,0302
408,11,1,0402
409,11,1,0502
410,11,1,0602
411,11,1,0702
412,11,1,0802
413,11,1,0902
414,11,1,1002
415,11,1,1102
416,11,1,1202
417,11,1,1302
418,11,1,1402
419,11,1,1502
420,11,1,1602
421,11,1,1702
422,11,1,1802
423,11,1,1902
424,11,1,2002
425,1,1,0102
426,1,1,0202
427,1,1,0302
428,1,1,0402
429,1,1,0502
430,1,1,0602
431,1,1,0702
432,1,1,0802
433,1,1,0902
434,1,1,1002
435,1,1,1102
436,1,1,1202
437,1,1,1302
438,1,1,1402
439,1,1,1502
440,1,1,1602
441,1,1,1702
442,1,2,0101
443,1,2,0201
444,1,2,0301
445,1,2,0401
446,1,2,0501
447,1,2,0601
448,1,2,0701
449,1,2,0801
450,1,2,0901
451,1,2,1001
452,1,2,1101
453,1,2,1201
454,1,2,1301
455,1,2,1401
456,1,2,1501
457,1,2,1601
458,1,2,1701
459,1,2,1801
460,12,1,0101
461,12,1,0201
462,1,2,0102
463,1,2,0202
465,1,2,0402
466,1,2,0502
467,1,2,0602
468,1,2,0702
469,1,2,0802
470,1,2,0902
471,1,2,1002
473,1,2,1202
474,1,2,1302
475,1,2,1402
476,1,2,1502
477,1,2,1602
478,1,2,1702
479,1,2,1802
481,1,1,0101
482,2,2,0101
483,2,2,0201
484,2,2,0301
485,2,2,0401
486,2,2,0501
487,2,2,0601
488,2,2,0701
489,2,2,0801
490,2,2,0901
491,2,2,1001
492,6,1,1501
493,6,1,1502
494,7,1,1401
495,7,1,1402
3137,7,2,2002
3138,8,2,2002
3139,1,1,0101
3140,1,1,0102
3141,1,1,0201
3142,1,1,0202
3147,1,1,0101
3148,2,1,0101
3149,3,1,0101
3150,4,1,0101
3151,1,1,0201
3152,1,1,0202
3153,1,1,0301
3154,1,1,0302
3155,1,1,0401
3156,1,1,0402
3157,1,1,0501
3158,1,1,0502
3159,1,1,0601
3160,1,1,0602
3161,1,1,0701
3162,1,1,0702
3163,1,1,0801
3164,1,1,0802
3165,1,1,0901
3166,1,1,0902
3167,1,2,0101
3168,1,2,0102
3169,1,2,0201
3170,1,2,0202
3171,1,2,0301
3172,1,2,0302
3173,1,2,0401
3174,1,2,0402
3175,1,2,0501
3176,1,2,0502
3177,1,2,0601
3178,1,2,0602
3179,1,3,0101
3180,1,3,0102
3181,1,3,0201
3182,1,3,0202
3183,1,3,0301
3184,1,3,0302
3185,1,3,0401
3186,1,3,0402
3187,1,3,0501
3188,1,3,0502
3189,1,3,0601
3190,1,3,0602
3191,2,1,0101
3192,2,1,0102
3193,2,1,0201
3194,2,1,0202
3195,2,1,0301
3196,2,1,0302
3197,2,1,0401
3198,2,1,0402
3199,2,1,0501
3200,2,1,0502
3201,2,1,0601
3202,2,1,0602
3203,2,2,0101
3204,2,2,0102
3205,2,2,0201
3206,2,2,0202
3207,2,2,0301
3208,2,2,0302
3209,2,2,0401
3210,2,2,0402
3211,2,2,0501
3212,2,2,0502
3213,2,2,0601
3214,2,2,0602
3215,3,1,0101
3216,3,1,0102
3217,3,1,0201
3218,3,1,0202
3219,3,1,0301
3220,3,1,0302
3221,3,1,0401
3222,3,1,0402
3223,3,1,0501
3224,3,1,0502
3225,3,1,0601
3226,3,1,0602
3227,3,2,0101
3228,3,2,0102
3229,3,2,0201
3230,3,2,0202
3231,3,2,0301
3232,3,2,0302
3233,3,2,0401
3234,3,2,0402
3235,3,2,0501
3236,3,2,0502
3237,3,2,0601
3238,3,2,0602
3239,4,1,0101
3240,4,1,0102
3241,4,1,0201
3242,4,1,0202
3243,4,1,0301
3244,4,1,0302
3245,4,1,0401
3246,4,1,0402
3247,4,1,0501
3248,4,1,0502
3249,4,1,0601
3250,4,1,0602
3251,4,2,0101
3252,4,2,0102
3253,4,2,0201
3254,4,2,0202
3255,4,2,0301
3256,4,2,0302
3257,4,2,0401
3258,4,2,0402
3259,4,2,0501
3260,4,2,0502
3261,4,2,0601
3262,4,2,0602
3263,5,1,0101
3264,5,1,0102
3265,5,1,0201
3266,5,1,0202
3267,5,1,0301
3268,5,1,0302
3269,5,1,0401
3270,5,1,0402
3271,5,1,0501
3272,5,1,0502
3273,5,1,0601
3274,5,1,0602
3275,5,2,0101
3276,5,2,0102
3277,5,2,0201
3278,5,2,0202
3279,5,2,0301
3280,5,2,0302
3281,5,2,0401
3282,5,2,0402
3283,5,2,0501
3284,5,2,0502
3285,5,2,0601
3286,5,2,0602
3287,6,1,0101
3288,6,1,0102
3289,6,1,0201
3290,6,1,0202
3291,6,1,0301
3292,6,1,0302
3293,6,1,0401
3294,6,1,0402
3295,6,1,0501
3296,6,1,0502
3297,6,1,0601
3298,6,1,0602
3299,6,2,0101
3300,6,2,0102
3301,6,2,0201
3302,6,2,0202
3303,6,2,0301
3304,6,2,0302
3305,6,2,0401
3306,6,2,0402
3307,6,2,0501
3308,6,2,0502
3309,6,2,0601
3310,6,2,0602
3311,7,1,0101
3312,7,1,0102
3313,7,1,0201
3314,7,1,0202
3315,7,1,0301
3316,7,1,0302
3317,7,1,0401
3318,7,1,0402
3319,7,1,0501
3320,7,1,0502
3321,7,1,0601
3322,7,1,0602
3323,7,2,0101
3324,7,2,0102
3325,7,2,0201
3326,7,2,0202
3327,7,2,0301
3328,7,2,0302
3329,7,2,0401
3330,7,2,0402
3331,7,2,0501
3332,7,2,0502
3333,7,2,0601
3334,7,2,0602
3335,8,1,0101
3336,8,1,0102
3337,8,1,0201
3338,8,1,0202
3339,8,1,0301
3340,8,1,0302
3341,8,1,0401
3342,8,1,0402
3343,8,1,0501
3344,8,1,0502
3345,8,1,0601
3346,8,1,0602
3347,8,2,0101
3348,8,2,0102
3349,8,2,0201
3350,8,2,0202
3351,8,2,0301
3352,8,2,0302
3353,8,2,0401
3354,8,2,0402
3355,8,2,0501
3356,8,2,0502
3357,8,2,0601
3358,8,2,0602
3359,9,1,0101
3360,9,1,0102
3361,9,1,0201
3362,9,1,0202
3363,9,1,0301
3364,9,1,0302
3365,9,1,0401
3366,9,1,0402
3367,9,1,0501
3368,9,1,0502
3369,9,1,0601
3370,9,1,0602
3371,9,2,0101
3372,9,2,0102
3373,9,2,0201
3374,9,2,0202
3375,9,2,0301
3376,9,2,0302
3377,9,2,0401
3378,9,2,0402
3379,9,2,0501
3380,9,2,0502
3381,9,2,0601
3382,9,2,0602
3383,10,1,0101
3384,10,1,0102
3385,10,1,0201
3386,10,1,0202
3387,10,1,0301
3388,10,1,0302
3389,10,1,0401
3390,10,1,0402
3391,10,1,0501
3392,10,1,0502
3393,10,1,0601
3394,10,1,0602
3395,10,2,0101
3396,10,2,0102
3397,10,2,0201
3398,10,2,0202
3399,10,2,0301
3400,10,2,0302
3401,10,2,0401
3402,10,2,0402
3403,10,2,0501
3404,10,2,0502
3405,10,2,0601
3406,10,2,0602
3407,11,1,0101
3408,11,1,0102
3409,11,1,0201
3410,11,1,0202
3411,11,1,0301
3412,11,1,0302
3413,11,1,0401
3414,11,1,0402
3415,11,1,0501
3416,11,1,0502
3417,11,1,0601
3418,11,1,0602
3419,11,2,0101
3420,11,2,0102
3421,11,2,0201
3422,11,2,0202
3423,11,2,0301
3424,11,2,0302
3425,11,2,0401
3426,11,2,0402
3427,11,2,0501
3428,11,2,0502
3429,11,2,0601
3430,11,2,0602
3431,12,1,0101
3432,12,1,0102
3433,12,1,0201
3434,12,1,0202
3435,12,1,0301
3436,12,1,0302
3437,12,1,0401
3438,12,1,0402
3439,12,1,0501
3440,12,1,0502
3441,12,1,0601
3442,12,1,0602
3443,12,1,3001
3444,12,1,3002
3445,12,2,0101
3446,12,2,0102
3447,12,2,0201
3448,12,2,0202
3449,12,2,0301
3450,12,2,0302
3451,12,2,0401
3452,12,2,0402
3453,12,2,0501
3454,12,2,0502
3455,12,2,0601
3456,12,2,0602
3457,12,2,3001
3458,12,2,3002
3459,12,3,3001
3460,12,3,3002
3461,12,4,3001
3462,12,4,3002
3463,12,5,3001
3464,12,5,3002
3465,12,6,3001
3466,12,6,3002
3467,12,7,3001
3468,12,7,3002
3469,12,8,3001
3470,12,8,3002
3471,13,1,0501
3472,13,1,0502
3473,13,1,0601
3474,13,1,0602
3475,13,2,0101
3476,13,2,0102
3477,13,2,0201
3478,13,2,0202
3479,13,2,0301
3480,13,2,0302
3481,13,2,0401
3482,13,2,0402
3483,13,2,0501
3484,13,2,0502
3485,13,2,0601
3486,13,2,0602
3488,1,1,0101
3489,1,1,0101
3490,1,1,0102
3491,1,1,0201
3492,1,1,0202
3493,1,1,0301
3494,1,1,0302
3495,1,1,0401
3496,1,1,0402
3497,1,1,0501
3498,1,1,0502
3499,1,1,0601
3500,1,1,0602
3501,1,1,0701
3502,1,1,0702
3503,1,1,0801
3504,1,1,0802
3505,1,1,0901
3506,1,1,0902
3507,1,1,1001
3508,1,1,1002
3509,1,1,1101
3510,1,1,1102
3511,1,1,1201
3512,1,1,1202
3513,1,2,0101
3514,1,2,0102
3515,1,2,0201
3516,1,2,0202
3517,1,2,0301
3518,1,2,0302
3519,1,2,0401
3520,1,2,0402
3521,1,2,0501
3522,1,2,0502
3523,1,2,0601
3524,1,2,0602
3525,1,2,0701
3526,1,2,0702
3527,1,2,0801
3528,1,2,0802
3529,1,2,0901
3530,1,2,0902
3531,1,2,1001
3532,1,2,1002
3533,1,2,1101
3534,1,2,1102
3535,1,2,1201
3536,1,2,1202
3537,1,3,0101
3538,1,3,0102
3539,1,3,0201
3540,1,3,0202
3541,1,3,0301
3542,1,3,0302
3543,1,3,0401
3544,1,3,0402
3545,1,3,0501
3546,1,3,0502
3547,1,3,0601
3548,1,3,0602
3549,1,3,0701
3550,1,3,0702
3551,1,3,0801
3552,1,3,0802
3553,1,3,0901
3554,1,3,0902
3555,1,3,1001
3556,1,3,1002
3557,1,3,1101
3558,1,4,0101
3559,1,4,0102
3560,1,4,0201
3561,1,4,0202
3562,1,4,0301
3563,1,4,0302
3564,1,4,0401
3565,1,4,0402
3566,1,4,0501
3567,1,4,0502
3568,1,4,0601
3569,1,4,0602
3570,1,4,0701
3571,1,4,0702
3572,1,4,0801
3573,1,4,0802
3574,1,4,0901
3575,2,1,0101
3576,2,1,0102
3577,2,1,0201
3578,2,1,0202
3579,2,1,0301
3580,2,1,0302
3581,2,1,0401
3582,2,1,0402
3583,2,1,0501
3584,2,1,0502
3585,2,1,0601
3586,2,1,0602
3587,2,1,0701
3588,2,1,0702
3589,2,1,0801
3590,2,1,0802
3591,2,1,0901
3592,2,1,0902
3593,2,1,1001
3594,2,1,1002
3595,2,1,1101
3596,2,1,1102
3597,2,1,1201
3598,2,2,0101
3599,2,2,0102
3600,2,2,0201
3601,2,2,0202
3602,2,2,0301
3603,2,2,0302
3604,2,2,0401
3605,2,2,0402
3606,2,2,0501
3607,2,2,0502
3608,2,2,0601
3609,2,2,0602
3610,2,2,0701
3611,2,2,0702
3612,2,2,0801
3613,2,2,0802
3614,2,2,0901
3615,2,2,0902
3616,2,2,1001
3617,3,1,0101
3618,3,1,0102
3619,3,1,0201
3620,3,1,0202
3621,3,1,0301
3622,3,1,0302
3623,3,1,0401
3624,3,1,0402
3625,3,1,0501
3626,3,1,0502
3627,3,1,0601
3628,3,1,0602
3629,3,1,0701
3630,3,1,0702
3631,3,1,0801
3632,3,1,0802
3633,3,1,0901
3634,3,1,0902
3635,3,1,1001
3636,3,1,1002
3637,3,1,1101
3638,3,1,1102
3639,3,1,1201
3640,3,2,0101
3641,3,2,0102
3642,3,2,0201
3643,3,2,0202
3644,3,2,0301
3645,3,2,0302
3646,3,2,0401
3647,3,2,0402
3648,3,2,0501
3649,3,2,0502
3650,3,2,0601
3651,3,2,0602
3652,3,2,0701
3653,3,2,0702
3654,3,2,0801
3655,3,2,0802
3656,3,2,0901
3657,3,2,0902
3658,3,2,1001
3659,4,1,0101
3660,4,1,0102
3661,4,1,0201
3662,4,1,0202
3663,4,1,0301
3664,4,1,0302
3665,4,1,0401
3666,4,1,0402
3667,4,1,0501
3668,4,1,0502
3669,4,1,0601
3670,4,1,0602
3671,4,1,0701
3672,4,1,0702
3673,4,1,0801
3674,4,1,0802
3675,4,1,0901
3676,4,1,0902
3677,4,1,1001
3678,4,1,1002
3679,4,1,1101
3680,4,1,1102
3681,4,1,1201
3682,4,2,0101
3683,4,2,0102
3684,4,2,0201
3685,4,2,0202
3686,4,2,0301
3687,4,2,0302
3688,4,2,0401
3689,4,2,0402
3690,4,2,0501
3691,4,2,0502
3692,4,2,0601
3693,4,2,0602
3694,4,2,0701
3695,4,2,0702
3696,4,2,0801
3697,4,2,0802
3698,4,2,0901
3699,4,2,0902
3700,4,2,1001
3701,5,1,0101
3702,5,1,0102
3703,5,1,0201
3704,5,1,0202
3705,5,1,0301
3706,5,1,0302
3707,5,1,0401
3708,5,1,0402
3709,5,1,0501
3710,5,1,0502
3711,5,1,0601
3712,5,1,0602
3713,5,1,0701
3714,5,1,0702
3715,5,1,0801
3716,5,1,0802
3717,5,1,0901
3718,5,1,0902
3719,5,1,1001
3720,5,1,1002
3721,5,1,1101
3722,5,1,1102
3723,5,1,1201
3724,5,1,1202
3725,5,1,1501
3726,5,1,1502
3727,5,2,0101
3728,5,2,0102
3729,5,2,0103
3730,5,2,0201
3731,5,2,0202
3732,5,2,0203
3733,5,2,0204
3734,5,2,0205
3735,5,2,0206
3736,5,2,0301
3737,5,2,0302
3738,5,2,0303
3739,5,2,0304
3740,5,2,0305
3741,5,2,0306
3742,5,2,0401
3743,5,2,0402
3744,5,2,0403
3745,5,2,0404
3746,5,2,0405
3747,5,2,0406
3748,5,2,0501
3749,5,2,0502
3750,5,2,0503
3751,5,2,0504
3752,5,2,0505
3753,5,2,0506
3754,5,2,0601
3755,5,2,0602
3756,5,2,0603
3757,5,2,0604
3758,5,2,0605
3759,5,2,0606
3760,5,2,0701
3761,5,2,0702
3762,5,2,0703
3763,5,2,0704
3764,5,2,0705
3765,5,2,0706
3766,5,2,0801
3767,5,2,0802
3768,5,2,0803
3769,5,2,0804
3770,5,2,0805
3771,5,2,0806
3772,5,2,0901
3773,5,2,0902
3774,5,2,0903
3775,5,2,0904
3776,5,2,0905
3777,5,2,0906
3778,5,2,1001
3779,5,2,1002
3780,5,2,1003
3781,5,2,1004
3782,5,2,1005
3783,5,2,1006
3784,5,2,1101
3785,5,2,1102
3786,5,2,1103
3787,5,2,1104
3788,5,2,1105
3789,5,2,1106
3790,5,2,1201
3791,5,2,1202
3792,5,2,1203
3793,5,2,1204
3794,5,2,1205
3795,5,2,1206
3796,5,2,1501
3797,5,2,1502
3798,5,2,1503
3799,5,2,1504
3800,5,2,1505
3801,5,2,1506
3802,5,2,1601
3803,5,2,1602
3804,5,2,1603
3805,5,2,1604
3806,5,2,1605
3807,5,2,1606
3808,5,3,0201
3809,5,3,0202
3810,5,3,0203
3811,5,3,0204
3812,5,3,0205
3813,5,3,0206
3814,5,3,0207
3815,5,3,0301
3816,5,3,0302
3817,5,3,0303
3818,5,3,0304
3819,5,3,0305
3820,5,3,0306
3821,5,3,0307
3822,5,3,0401
3823,5,3,0402
3824,5,3,0403
3825,5,3,0404
3826,5,3,0405
3827,5,3,0406
3828,5,3,0407
3829,5,3,0501
3830,5,3,0502
3831,5,3,0503
3832,5,3,0504
3833,5,3,0505
3834,5,3,0506
3835,5,3,0507
3836,5,3,0601
3837,5,3,0602
3838,5,3,0603
3839,5,3,0604
3840,5,3,0605
3841,5,3,0606
3842,5,3,0607
3843,5,3,0701
3844,5,3,0702
3845,5,3,0703
3846,5,3,0704
3847,5,3,0705
3848,5,3,0706
3849,5,3,0707
3850,5,3,0801
3851,5,3,0802
3852,5,3,0803
3853,5,3,0804
3854,5,3,0805
3855,5,3,0806
3856,5,3,0807
3857,5,3,0901
3858,5,3,0902
3859,5,3,0903
3860,5,3,0904
3861,5,3,0905
3862,5,3,0906
3863,5,3,0907
3864,5,3,1001
3865,5,3,1002
3866,5,3,1003
3867,5,3,1004
3868,5,3,1005
3869,5,3,1006
3870,5,3,1007
3871,5,3,1101
3872,5,3,1102
3873,5,3,1103
3874,5,3,1104
3875,5,3,1105
3876,5,3,1106
3877,5,3,1107
3878,5,3,1201
3879,5,3,1202
3880,5,3,1203
3881,5,3,1204
3882,5,3,1205
3883,5,3,1206
3884,5,3,1207
3885,5,3,1501
3886,5,3,1502
3887,5,3,1503
3888,5,3,1504
3889,5,3,1505
3890,5,3,1506
3891,5,3,1507
3892,5,3,1601
3893,5,3,1602
3894,5,3,1603
3895,5,3,1604
3896,5,3,1605
3897,5,3,1606
3898,5,3,1607
3899,5,4,0101
3900,5,4,0102
3901,5,4,0103
3902,5,4,0104
3903,5,4,0105
3904,5,4,0106
3905,5,4,0201
3906,5,4,0202
3907,5,4,0203
3908,5,4,0204
3909,5,4,0205
3910,5,4,0206
3911,5,4,0301
3912,5,4,0302
3913,5,4,0303
3914,5,4,0304
3915,5,4,0305
3916,5,4,0306
3917,5,4,0401
3918,5,4,0402
3919,5,4,0403
3920,5,4,0404
3921,5,4,0405
3922,5,4,0406
3923,5,4,0501
3924,5,4,0502
3925,5,4,0503
3926,5,4,0504
3927,5,4,0505
3928,5,4,0506
3929,5,4,0601
3930,5,4,0602
3931,5,4,0603
3932,5,4,0604
3933,5,4,0605
3934,5,4,0606
3935,5,4,0701
3936,5,4,0702
3937,5,4,0703
3938,5,4,0704
3939,5,4,0705
3940,5,4,0706
3941,5,4,0801
3942,5,4,0802
3943,5,4,0803
3944,5,4,0804
3945,5,4,0805
3946,5,4,0806
3947,5,4,0901
3948,5,4,0902
3949,5,4,0903
3950,5,4,0904
3951,5,4,0905
3952,5,4,0906
3953,5,4,1001
3954,5,4,1002
3955,5,4,1003
3956,5,4,1004
3957,5,4,1005
3958,5,4,1006
3959,5,4,1101
3960,5,4,1102
3961,5,4,1103
3962,5,4,1104
3963,5,4,1105
3964,5,4,1106
3965,5,4,1201
3966,5,4,1202
3967,5,4,1203
3968,5,4,1204
3969,5,4,1205
3970,5,4,1206
3971,5,4,1501
3972,5,4,1502
3973,5,4,1503
3974,5,4,1504
3975,5,4,1505
3976,5,4,1506
3977,5,4,1601
3978,5,4,1602
3979,5,4,1603
3980,5,4,1604
3981,5,4,1605
3982,13,1,0301
3983,13,1,0302
3984,13,1,0302
3985,13,1,0401
3986,13,1,0402
3988,25,1,0101
3989,31,1,0201
3990,31,1,0202
3991,31,1,0301
3992,31,1,0302
3993,31,1,0401
3994,31,1,0402
3995,31,1,0501
3996,31,1,0502
3997,31,1,0601
3998,31,1,0602
3999,31,1,0701
4000,31,1,0702
4001,31,1,0801
4002,31,1,0802
4003,31,1,0901
4004,32,1,0201
4005,32,1,0202
4006,32,1,0301
4007,32,1,0302
4008,32,1,0401
4009,32,1,0402
4010,32,1,0501
4011,32,1,0502
4012,32,1,0602
4013,32,2,0201
4014,32,2,0202
4015,32,2,0301
4016,32,2,0302
4017,32,2,0401
4018,32,2,0402
4019,32,2,0501
4020,32,2,0502
4021,32,2,0601
4022,32,2,0602
4023,33,1,0201
4024,33,1,0202
4025,33,1,0301
4026,33,1,0302
4027,33,1,0401
4028,33,1,0402
4029,33,1,0501
4030,33,1,0502
4031,33,2,0201
4032,33,2,0202
4033,33,2,0301
4034,33,2,0302
4035,33,2,0401
4036,33,2,0402
4037,33,2,0501
4038,33,2,0502
4039,34,1,0202
4040,34,1,0301
4041,34,1,0302
4042,34,1,0401
4043,34,1,0402
4044,34,1,0501
4045,34,1,0502
4046,34,1,0601
4047,34,1,0602
4048,34,2,0201
4049,34,2,0202
4050,34,2,0301
4051,34,2,0302
4052,34,2,0401
4053,34,2,0402
4054,34,2,0501
4055,34,2,0502
4056,34,3,0201
4057,34,3,0202
4058,34,3,0301
4059,34,3,0302
4060,34,3,0401
4061,34,3,0402
4062,34,3,0501
4063,34,3,0502
4064,35,1,0101
4065,35,1,0102
4066,35,1,0201
4067,35,1,0202
4068,35,1,0301
4069,35,1,0302
4070,35,1,0401
4071,35,1,0402
4072,36,1,0101
4073,36,1,0102
4074,36,1,0201
4075,36,1,0202
4076,36,1,0301
4077,36,1,0302
4078,36,1,0401
4079,36,1,0402
4080,36,1,0501
4081,36,1,0502
4082,36,2,0101
4083,36,2,0102
4084,36,2,0201
4085,36,2,0202
4086,36,2,0301
4087,36,2,0302
4088,36,2,0401
4089,36,2,0402
4090,36,2,0501
4091,36,2,0502
4092,37,1,0201
4093,37,1,0301
4094,37,1,0401
4095,37,1,0501
4096,37,2,0101
4097,37,2,0102
4098,37,2,0201
4099,37,2,0202
4100,37,2,0301
4101,37,2,0302
4102,37,2,0401
4103,37,2,0402
4104,37,2,0501
4105,37,2,0502
4106,38,1,0101
4107,38,1,0102
4108,38,1,0201
4109,38,1,0202
4110,38,1,0301
4111,38,1,0302
4112,38,1,0401
4113,38,1,0402
4114,38,1,0501
4115,38,1,0502
4116,38,2,0101
4117,38,2,0201
4118,38,2,0301
4119,38,2,0401
4120,38,2,0501
4121,39,1,0101
4122,39,1,0102
4123,39,1,0201
4124,39,1,0202
4125,39,1,0301
4126,39,1,0302
4127,39,1,0401
4128,39,1,0402
4129,39,1,0501
4130,39,1,0502
4131,39,2,0101
4132,39,2,0102
4133,39,2,0201
4134,39,2,0202
4135,39,2,0301
4136,39,2,0302
4137,39,2,0401
4138,39,2,0402
4139,39,2,0501
4140,39,2,0502
4141,40,1,0101
4142,40,1,0102
4143,40,1,0201
4144,40,1,0202
4145,40,1,0301
4146,40,1,0302
4147,40,1,0401
4148,40,1,0402
4149,40,1,0501
4150,40,1,0502
4151,41,1,0101
4152,41,1,0102
4153,41,1,0201
4154,41,1,0202
4155,41,1,0301
4156,41,1,0302
4157,41,1,0401
4158,41,1,0402
4159,41,1,0501
4160,41,1,0502
4161,41,2,0101
4162,41,2,0102
4163,41,2,0201
4164,41,2,0202
4165,41,2,0301
4166,41,2,0302
4167,41,2,0401
4168,41,2,0402
4169,41,2,0501
4170,41,2,0502
4171,42,1,0101
4172,42,1,0102
4173,42,1,0201
4174,42,1,0202
4175,42,1,0301
4176,42,1,0302
4177,42,1,0401
4178,42,1,0402
4179,42,1,0501
4180,42,1,0502
4181,42,1,0601
4182,42,1,0602
4183,42,2,0101
4184,42,2,0102
4185,42,2,0201
4186,42,2,0202
4187,42,2,0301
4188,42,2,0302
4189,42,2,0401
4190,42,2,0402
4191,42,2,0501
4192,42,2,0502
4193,42,2,0601
4194,42,2,0602
4195,51,1,0201
4196,51,1,0202
4197,51,1,0301
4198,51,1,0302
4199,51,1,0401
4200,51,1,0402
4201,51,1,0501
4202,51,1,0502
4203,51,1,0601
4204,51,1,0602
4205,51,1,0701
4206,51,1,0702
4207,51,1,0801
4208,51,1,0802
4209,51,1,0902
4210,52,1,0201
4211,52,1,0202
4212,52,1,0301
4213,52,1,0302
4214,52,1,0401
4215,52,1,0402
4216,52,1,0501
4217,52,1,0502
4218,52,1,0601
4219,52,1,0602
4220,52,2,0201
4221,52,2,0202
4222,52,2,0301
4223,52,2,0302
4224,52,2,0401
4225,52,2,0402
4226,52,2,0501
4227,52,2,0502
4228,52,2,0601
4229,53,1,0201
4230,53,1,0202
4231,53,1,0301
4232,53,1,0302
4233,53,1,0401
4234,53,1,0402
4235,53,1,0501
4236,53,1,0502
4237,53,1,0601
4238,53,1,0602
4239,53,2,0201
4240,53,2,0202
4241,53,2,0301
4242,53,2,0302
4243,53,2,0401
4244,53,2,0402
4245,53,2,0501
4246,53,2,0502
4247,53,2,0601
4248,54,1,0201
4249,54,1,0202
4250,54,1,0301
4251,54,1,0302
4252,54,1,0401
4253,54,1,0402
4254,54,1,0501
4255,54,1,0502
4256,55,1,0101
4257,55,1,0102
4258,55,1,0201
4259,55,1,0202
4260,55,1,0301
4261,55,1,0302
4262,55,1,0401
4263,55,1,0402
4264,55,1,0501
4265,55,1,0502
4266,55,1,0601
4267,55,1,0602
4268,55,2,0101
4269,55,2,0102
4270,55,2,0201
4271,55,2,0202
4272,55,2,0301
4273,55,2,0302
4274,55,2,0401
4275,55,2,0402
4276,55,2,0501
4277,55,2,0502
4278,55,2,0601
4279,55,2,0602
4280,56,1,0201
4281,56,1,0202
4282,56,1,0301
4283,56,1,0302
4284,56,1,0401
4285,56,1,0402
4286,56,1,0501
4287,56,1,0502
4288,57,1,0101
4289,57,1,0102
4290,57,1,0201
4291,57,1,0202
4292,57,1,0301
4293,57,1,0302
4294,57,1,0401
4295,57,1,0402
4296,57,1,0501
4297,57,1,0502
4298,57,1,0601
4299,57,1,0602
4300,57,2,0101
4301,57,2,0102
4302,57,2,0201
4303,57,2,0202
4304,57,2,0301
4305,57,2,0302
4306,57,2,0401
4307,57,2,0402
4308,57,2,0501
4309,57,2,0502
4310,57,2,0601
4311,57,2,0602
4312,58,1,0201
4313,58,1,0202
4314,58,1,0301
4315,58,1,0302
4316,58,1,0401
4317,58,1,0402
4318,58,1,0501
4319,58,1,0502
4320,58,1,0601
4321,58,1,0602
4322,59,1,0201
4323,59,1,0202
4324,59,1,0301
4325,59,1,0302
4326,59,1,0401
4327,59,1,0402
4328,59,1,0501
4329,59,1,0502
4330,60,1,0101
4331,60,1,0102
4332,60,1,0201
4333,60,1,0202
4334,60,1,0301
4335,60,1,0302
4336,60,1,0401
4337,60,1,0402
4338,60,1,0501
4339,60,1,0502
4340,60,1,0601
4341,60,1,0602
4342,60,2,0101
4343,60,2,0102
4344,60,2,0201
4345,60,2,0202
4346,60,2,0301
4347,60,2,0302
4348,60,2,0401
4349,60,2,0402
4350,60,2,0501
4351,60,2,0502
4352,60,2,0601
4353,60,2,0602
4354,61,1,0201
4355,61,1,0202
4356,61,1,0301
4357,61,1,0302
4358,61,1,0401
4359,61,1,0402
4360,61,1,0501
4361,61,1,0502
4362,62,1,0201
4363,62,1,0202
4364,62,1,0301
4365,62,1,0302
4366,62,1,0401
4367,62,1,0402
4368,62,1,0501
4369,62,1,0502
4370,62,1,0601
4371,62,1,0602
4372,62,2,0201
4373,62,2,0202
4374,62,2,0301
4375,62,2,0302
4376,62,2,0401
4377,62,2,0402
4378,62,2,0501
4379,62,2,0502
4380,62,2,0601
4381,62,2,0602
4382,71,1,0301
4383,71,1,0302
4384,71,1,0401
4385,71,1,0402
4386,71,1,0501
4387,71,1,0502
4388,71,1,0601
4389,71,1,0602
4390,72,1,0101
4391,72,1,0102
4392,72,1,0201
4393,72,1,0202
4394,72,1,0301
4395,72,1,0302
4396,72,1,0401
4397,72,1,0402
4398,72,1,0501
4399,72,1,0502
4400,73,1,0101
4401,73,1,0102
4402,73,1,0201
4403,73,1,0202
4404,73,1,0301
4405,73,1,0302
4406,73,1,0401
4407,73,1,0402
4408,73,1,0501
4409,73,1,0502
4410,74,1,0101
4411,74,1,0102
4412,74,1,0201
4413,74,1,0202
4414,74,1,0301
4415,74,1,0302
4416,74,1,0401
4417,74,1,0402
4418,74,1,0501
4419,74,1,0502
4420,75,1,0101
4421,75,1,0102
4422,75,1,0201
4423,75,1,0202
4424,75,1,0301
4425,75,1,0302
4426,75,1,0401
4427,75,1,0402
4428,75,1,0501
4429,75,1,0502
4430,76,1,0101
4431,76,1,0102
4432,76,1,0201
4433,76,1,0202
4434,76,1,0301
4435,76,1,0302
4436,76,1,0401
4437,76,1,0402
4438,76,1,0501
4439,76,1,0502
4440,77,1,0101
4441,77,1,0102
4442,77,1,0201
4443,77,1,0202
4444,77,1,0301
4445,77,1,0302
4446,77,1,0401
4447,77,1,0402
4448,77,1,0501
4449,77,1,0502
4450,78,1,0101
4451,78,1,0102
4452,78,1,0201
4453,78,1,0202
4454,78,1,0301
4455,78,1,0302
4456,78,1,0401
4457,78,1,0402
4458,78,1,0501
4459,78,1,0502
4460,78,2,0101
4461,78,2,0102
4462,78,2,0201
4463,78,2,0202
4464,78,2,0301
4465,78,2,0302
4466,78,2,0401
4467,78,2,0402
4468,78,2,0501
4469,78,2,0502
4470,79,1,0101
4471,79,1,0201
4472,79,1,0301
4473,79,1,0401
4474,79,1,0501
4475,80,1,0101
4476,80,1,0102
4477,80,1,0201
4478,80,1,0202
4479,80,1,0301
4480,80,1,0302
4481,80,1,0401
4482,80,1,0402
4483,80,1,0501
4484,80,1,0502
4485,80,2,0101
4486,80,2,0102
4487,80,2,0201
4488,80,2,0202
4489,80,2,0301
4490,80,2,0302
4491,80,2,0401
4492,80,2,0402
4493,80,2,0501
4494,80,2,0502
4495,81,1,0101
4496,81,1,0102
4497,81,1,0201
4498,81,1,0202
4499,81,1,0301
4500,81,1,0302
4501,81,1,0401
4502,81,1,0402
4503,81,1,0501
4504,81,1,0502
4505,81,2,0101
4506,81,2,0102
4507,81,2,0201
4508,81,2,0202
4509,81,2,0301
4510,81,2,0302
4511,81,2,0401
4512,81,2,0402
4513,81,2,0501
4514,81,2,0502
4515,82,1,0301
4516,82,1,0302
4517,82,2,0301
4518,82,2,0302
4519,82,3,3001
4520,82,3,0302
4521,82,4,3001
4522,82,4,3002
4523,82,4,5002
4524,82,5,3001
4525,82,5,3002
4526,82,5,5001
4527,82,6,0301
4528,82,6,0302
4529,82,7,3001
4530,82,7,3002
4531,82,8,0301
4532,82,8,0302
4533,83,1,0301
4534,83,1,0302
4535,83,1,0401
4536,83,1,0402
4537,83,1,0501
4538,83,1,0502
4539,83,1,0601
4540,83,1,0602
4541,83,2,0301
4542,83,2,0302
4543,83,2,0303
4544,83,2,0401
4545,83,2,0402
4546,83,2,0403
4547,83,2,0501
4548,83,2,0502
4549,91,1,0301
4550,91,1,0302
4551,91,1,0401
4552,91,1,0402
4553,91,1,0501
4554,91,1,0502
4555,91,1,0601
4556,91,1,0602
4557,91,2,0301
4558,91,2,0302
4559,91,2,0401
4560,91,2,0402
4561,91,2,0501
4562,91,2,0502
4563,91,2,0601
4564,91,2,0602
4565,91,3,0301
4566,91,3,0302
4567,91,3,0401
4568,91,3,0402
4569,91,3,0501
4570,91,3,0502
4571,91,3,0601
4572,91,3,0602
4573,92,1,0201
4574,92,1,0202
4575,92,1,0301
4576,92,1,0302
4577,92,1,0401
4578,92,1,0402
4579,92,1,0501
4580,92,1,0502
4581,93,1,0101
4582,93,1,0102
4583,93,1,0201
4584,93,1,0202
4585,93,1,0301
4586,93,1,0302
4587,93,1,0401
4588,93,1,0402
4589,93,1,0501
4590,93,1,0502
4591,93,1,0601
4592,93,1,0602
4593,93,2,0101
4594,93,2,0102
4595,93,2,0201
4596,93,2,0202
4597,93,2,0301
4598,93,2,0302
4599,93,2,0401
4600,93,2,0402
4601,93,2,0501
4602,93,2,0502
4603,93,2,0601
4604,93,2,0602
4605,94,1,0201
4606,94,1,0202
4607,94,1,0301
4608,94,1,0302
4609,94,1,0401
4610,94,1,0402
4611,94,1,0501
4612,94,1,0502
4613,94,1,0601
4614,94,1,0602
4615,95,1,0101
4616,95,1,0102
4617,95,1,0201
4618,95,1,0202
4619,95,1,0301
4620,95,1,0302
4621,95,1,0401
4622,95,1,0402
4623,95,1,0501
4624,95,1,0502
4625,95,1,0601
4626,95,1,0602
4627,95,2,0101
4628,95,2,0102
4629,95,2,0201
4630,95,2,0202
4631,95,2,0301
4632,95,2,0302
4633,95,2,0401
4634,95,2,0402
4635,95,2,0501
4636,95,2,0502
4637,95,2,0601
4638,95,2,0602
4639,96,1,0201
4640,96,1,0202
4641,96,1,0301
4642,96,1,0302
4643,96,1,0401
4644,96,1,0402
4645,96,1,0501
4646,96,1,0502
4647,97,1,0201
4648,97,1,0202
4649,97,1,0301
4650,97,1,0302
4651,97,1,0401
4652,97,1,0402
4653,97,1,0501
4654,97,1,0502
4655,98,1,0201
4656,98,1,0202
4657,98,1,0301
4658,98,1,0302
4659,98,1,0401
4660,98,1,0402
4661,98,1,0501
4662,98,1,0502
4663,98,2,0201
4664,98,2,0202
4665,98,2,0301
4666,98,2,0302
4667,98,2,0401
4668,98,2,0402
4669,98,2,0501
4670,98,2,0502
4671,2,1,0101
5363,1,1,0301
5364,1,2,0101
5365,3,1,0101
5366,1,1,0401
5367,2,1,0501
5368,2,1,0502
5369,2,1,0601
5370,2,1,0602
5371,1,1,0101
