660602,373898,391.60
660610,373905,2706.00
660612,373906,110.00
660614,373908,105.60
660627,373920,96.80
660632,373924,193.60
660642,373934,2948.40
660650,373941,82555.20
660652,373942,6101.55
660653,373943,3545.10
660654,373944,1312.74
660667,373956,1158.30
660672,373960,6742.71
19303,387592,101.20
19304,387593,123.20
19305,387594,66.00
19306,387595,22.00
19307,387596,136.40
19308,387597,660.00
19309,387598,8.80
19310,387599,83.60
19311,387600,545.60
19312,387601,264.00
19313,387602,413.60
19314,387603,1276.00
19315,387604,259.60
19316,387605,105.60
19346,387615,35.20
19347,387616,66.00
19348,387617,26.40
19349,387618,4.40
19350,387619,61.60
19351,387620,330.00
19352,387621,92.40
19353,387622,52.80
19354,387623,330.00
19355,387624,79.20
19356,387625,79.20
19357,387626,646.80
19358,387627,44.00
19359,387628,22.00
19360,387629,378.40
61783,387638,35.20
61784,387639,74.80
61785,387640,30.80
61786,387641,4.40
61787,387642,88.00
61788,387643,356.40
61789,387644,88.00
61790,387645,52.80
61791,387646,382.80
61792,387647,215.60
61793,387648,92.40
61794,387649,875.60
61795,387650,74.80
61796,387651,22.00
61797,387652,176.00
92507,387662,66.00
92509,387665,74.80
92510,387666,321.20
92511,387667,22.00
92512,387668,52.80
92513,387669,281.60
92514,387670,211.20
92515,387671,132.00
92516,387672,1126.40
92517,387673,70.40
92518,387674,13.20
92519,387675,136.40
92613,387685,35.20
92615,387687,4.40
92616,387688,57.20
92617,387689,268.40
92619,387691,30.80
92620,387692,299.20
92621,387693,211.20
92622,387694,101.20
92623,387695,629.20
92624,387696,48.40
92625,387697,13.20
92626,387698,114.40
105435,387708,79.20
105437,387710,8.80
105438,387711,39.60
105439,387712,162.80
105440,387713,158.40
105441,387714,48.40
105442,387715,290.40
105443,387716,114.40
105444,387717,66.00
105445,387718,866.80
105446,387719,79.20
105447,387720,17.60
105448,387721,136.40
129830,387731,83.60
129832,387733,4.40
129833,387734,35.20
129834,387735,215.60
129835,387737,48.40
129836,387738,79.20
129837,387739,70.40
129838,387740,74.80
129839,387741,1289.20
129840,387742,74.80
129842,387744,158.40
129843,387746,347.60
130919,387754,118.80
130920,387755,39.60
130921,387757,48.40
130922,387758,277.20
130924,387762,101.20
130925,387763,83.60
130926,387764,1887.60
130927,387765,105.60
130928,387767,162.80
130929,387769,532.40
148493,387777,110.00
148494,387778,30.80
148495,387779,13.20
148496,387780,30.80
148497,387781,228.80
148499,387785,74.80
148500,387786,74.80
148501,387788,83.60
148502,387790,149.60
148503,387792,453.20
148504,387793,1482.80
148505,387794,1381.60
160249,387800,110.00
160250,387801,35.20
160251,387803,228.80
160252,387804,259.60
160253,387805,255.20
160254,387809,96.80
160255,387810,2899.60
160256,387811,118.80
160257,387813,184.80
394011,387823,26.40
394012,387824,44.00
394013,387826,171.60
394014,387827,220.00
394015,387828,22.00
394016,387829,281.60
394017,387831,237.80
394018,387832,92.40
394019,387833,3753.40
394020,387834,88.00
394021,387836,176.00
394022,387838,1258.40
394023,387839,1909.60
394024,387840,770.00
474310,387846,233.20
474311,387847,44.00
474312,387848,22.00
474313,387849,171.60
474314,387850,268.40
474315,387851,167.20
474317,387853,88.00
474318,387854,88.00
474319,387855,74.80
474320,387856,1843.60
474321,387857,435.60
474323,387859,167.20
474325,387861,101.20
474383,387868,8.80
474384,387869,220.00
474385,387870,26.40
474386,387871,4.40
474387,387872,57.20
474388,387873,17.60
474389,387874,110.00
474390,387875,39.60
474391,387876,48.40
474392,387877,66.00
474393,387878,48.40
474394,387879,1843.60
474395,387880,426.80
474396,387881,8.80
474397,387882,101.20
474398,387883,26.40
493560,387891,22.00
493562,387893,44.00
493564,387895,66.00
493566,387897,259.60
493567,387898,70.40
493569,387900,184.80
493570,387901,74.80
493573,387904,228.80
493574,387905,215.60
517169,387914,13.20
517171,387916,35.20
517173,387918,57.20
517175,387920,198.00
517176,387921,52.80
517178,387923,154.00
517179,387924,79.20
517182,387927,391.60
517183,387928,145.20
606065,387938,17.60
606074,387947,79.20
606081,387954,717.20
606096,387970,88.00
606103,387977,572.00
659062,387989,334.40
659074,388001,378.40
19317,388282,1285.20
19318,388283,2601.00
19319,388284,8212.02
19320,388285,1772.76
19321,388286,2766.24
19322,388287,4702.20
19323,388288,980.22
19324,388289,2169.54
19325,388290,6444.36
19326,388291,4432.92
19327,388292,29896.20
19328,388293,34333.20
19329,388294,5470.26
19330,388295,5610.00
19331,388305,283.56
19332,388306,1208.70
19333,388307,2905.98
19334,388308,157.08
19335,388309,1661.58
19336,388310,1876.80
19337,388311,570.18
19338,388312,860.88
19339,388313,1270.92
19340,388314,404.94
19341,388315,3427.20
19342,388316,7711.20
19343,388317,1687.08
19344,388318,155.04
19345,388319,3967.38
61799,388328,446.76
61800,388329,2474.52
61801,388330,3424.14
61802,388331,330.48
61803,388332,3237.48
61804,388333,2920.26
61805,388334,1476.96
61806,388335,1331.10
61807,388336,3986.16
61808,388337,1433.10
61809,388338,5385.60
61810,388339,20134.80
61811,388340,2856.00
61812,388341,188.70
61813,388342,4921.56
92520,388351,1460.64
92521,388352,3508.80
92523,388355,3527.16
92524,388356,3213.00
92525,388357,1541.22
92526,388358,1880.88
92527,388359,2866.20
92528,388360,2031.84
92529,388361,6334.20
92530,388362,27234.00
92531,388363,3112.02
92532,388364,220.32
92533,388365,5859.00
92598,388374,1853.34
92599,388375,2144.04
92601,388377,793.56
92602,388378,3938.22
92603,388379,3255.84
92605,388381,1602.42
92606,388382,1783.98
92607,388383,1999.20
92608,388384,7038.00
92609,388385,19216.80
92610,388386,2252.16
92611,388387,128.52
92612,388388,7047.54
105419,388397,860.88
105420,388398,1526.94
105422,388400,173.40
105423,388401,1560.60
105424,388402,2330.70
105425,388403,816.00
105426,388404,751.74
105427,388405,1579.98
105428,388406,1280.10
105429,388407,4222.80
105430,388408,19094.40
105431,388409,1910.46
105432,388410,82.62
105433,388411,3163.86
105434,388413,8770.98
129814,388420,566.10
129815,388421,936.36
129817,388423,140.76
129818,388424,785.40
129819,388425,1596.30
129820,388426,2182.96
129821,388427,497.76
129822,388428,705.84
129823,388429,1208.70
129824,388430,2815.20
129825,388431,22644.00
129826,388432,1570.80
129827,388433,156.06
129829,388436,2359.26
130930,388443,546.72
130931,388444,1503.48
130932,388445,3638.34
130933,388447,943.50
130934,388448,2287.86
130936,388450,878.22
130937,388452,2417.40
130938,388453,4896.00
130939,388454,33966.00
130940,388455,1411.68
130941,388456,105.06
130943,388459,3124.26
148522,388466,505.92
148523,388467,1461.66
148524,388468,3379.26
148525,388469,369.24
148526,388470,604.86
148527,388471,2052.24
148529,388473,749.70
148530,388475,2419.44
148531,388476,4467.60
148532,388477,31701.60
148533,388478,1383.12
148534,388480,6327.72
148535,388482,2183.82
148536,388483,19659.48
148537,388484,1016.94
160235,388489,966.96
160236,388490,3496.56
160237,388491,5081.64
160238,388493,2722.38
160239,388494,3426.18
160240,388495,2073.66
160241,388496,2036.94
160242,388499,1040.40
160243,388500,124174.80
160244,388501,3622.02
160245,388503,5005.26
160246,388505,2714.22
160247,388506,7943.76
160248,388507,929.22
393999,388512,1724.82
394000,388513,4950.06
394001,388514,7259.34
394002,388516,3567.96
394003,388517,5092.86
394004,388519,1262.76
394005,388521,6226.08
394006,388522,17136.00
394007,388524,2399.04
394008,388526,5507.46
394009,388529,9213.66
394010,388530,3672.00
474346,388535,1837.02
474347,388536,2024.70
474348,388537,5182.62
474349,388538,223.38
474350,388539,1776.84
474351,388540,2377.62
474352,388541,1133.22
474353,388542,1137.30
474354,388543,1081.20
474355,388544,2007.36
474356,388545,4528.80
474357,388546,47950.20
474358,388547,3014.10
474359,388548,1004.70
474360,388549,2192.94
474362,388551,5867.04
474363,388552,1717.68
474364,388553,3767.88
474420,388558,291.72
474421,388559,494.70
474422,388560,1538.16
474423,388561,112.20
474424,388562,561.00
474425,388563,521.22
474426,388564,446.76
474427,388565,275.40
474428,388566,738.48
474429,388567,378.42
474430,388568,2172.60
474431,388569,47950.20
474432,388570,550.80
474433,388571,1215.84
474434,388572,1071.36
474435,388573,1050.60
474437,388575,1015.92
474438,388576,5307.06
514510,388581,756.84
514511,388582,888.42
514512,388583,2901.90
514514,388585,1879.86
514516,388587,913.92
514517,388588,562.02
514519,388590,280.50
514520,388591,4253.40
514523,388594,2003.28
514524,388595,2159.46
514529,388604,1182.18
514530,388605,403.92
514531,388606,4517.58
514533,388608,2818.26
514535,388610,1145.46
514536,388611,902.70
514538,388613,4467.60
514539,388614,4712.40
514542,388617,6732.00
514543,388618,5390.28
514546,388621,1610.58
514547,388622,3054.90
606588,388651,861.90
606593,388656,3780.12
606604,388667,8193.66
606605,388668,10418.28
659085,388679,236.64
659096,388690,3271.14
659097,388691,4138.14
393100,415241,1243.00
393101,415242,900.00
393102,415244,1090.00
393103,415245,73.00
393104,415247,405.00
393105,415249,861.00
393106,415250,778.00
393107,415251,2785.00
393108,415252,2019.00
393109,415253,153.00
393110,415254,151.00
393111,415255,355.00
393112,415257,258.00
393113,415259,3545.00
393114,415260,292.00
393115,415261,366.00
393116,415262,709.00
393117,415263,199.00
393118,415264,61.00
393119,415265,554.00
393120,415266,171.00
393121,415268,1640.00
393122,415269,759.00
393123,415270,357.00
393124,415271,83.00
393125,415272,72.00
393126,415273,186.00
393127,415274,364.00
393128,415275,808.00
393129,415276,142.00
393130,415277,137.00
393131,415278,106.00
393132,415279,63.00
393133,415280,166.00
393134,415281,124.00
393135,415282,61.00
393136,415283,27.00
393137,415285,31.00
393138,415286,39.00
393139,415287,3.00
393140,415288,86.00
393141,415289,111.00
393142,415290,18.00
393144,415297,73.00
393145,415303,5.00
393146,415304,48.00
393147,415305,3.00
393148,415306,160.00
393149,415308,4.00
393150,415309,115.00
393151,415311,138.00
393152,415312,229.00
393153,415313,250.00
393154,415314,262.00
393155,415315,125.00
393156,415316,110.00
393157,415317,328.00
393158,415318,63.00
393159,415319,63.00
393160,415320,83.00
393161,415321,74.00
393162,415323,29.00
393163,415324,74.00
393164,415325,116.00
393165,415327,203.00
393167,415329,11.00
393168,415331,86.00
393169,415333,97.00
393171,415335,15.00
393172,415336,8.00
393173,415337,1.00
393174,415338,93.00
393175,415339,57.00
393176,415340,12.00
393178,415344,7.00
393181,415349,59.00
393182,415350,50.00
393184,415354,47.00
393185,415355,86.00
393186,415357,65.00
393187,415358,52.00
393188,415359,38.00
393189,415360,24.00
393190,415361,155.00
393191,415362,86.00
393192,415363,101.00
393193,415364,50.00
393194,415365,76.00
393195,415366,57.00
393196,415368,80.00
393197,415369,53.00
393198,415371,30.00
393200,415374,94.00
393201,415378,30.00
393202,415379,42.00
393203,415380,30.00
393204,415382,10.00
393205,415383,14.00
393206,415384,50.00
393207,415385,68.00
393208,415386,20.00
393209,415387,84.00
393210,415388,26.00
393211,415389,514.00
393212,415391,94.00
393213,415392,86.00
393214,415393,425.00
393215,415394,354.00
393216,415395,129.00
393217,415397,159.00
393218,415398,318.00
393219,415399,252.00
393220,415400,90.00
393221,415401,113.00
393222,415402,133.00
393223,415403,36.00
393224,415404,145.00
393225,415405,114.00
393227,415407,68.00
393228,415408,42.00
393229,415409,93.00
393230,415412,47.00
393231,415413,34.00
393232,415414,215.00
393233,415415,4.00
393234,415416,39.00
393235,415417,47.00
393236,415418,2.00
393237,415419,26.00
393238,415422,21.00
393239,415424,34.00
393240,415425,22.00
393241,415427,33.00
393242,415429,23.00
393243,415430,45.00
393244,415431,62.00
393245,415432,1.00
393246,415433,44.00
393247,415434,39.00
393248,415435,16.00
393249,415436,42.00
393250,415437,46.00
393252,415439,81.00
393253,415440,96.00
393254,415441,41.00
393255,415442,95.00
393256,415443,120.00
393257,415444,83.00
393258,415445,20.00
393259,415448,116.00
393260,415450,60.00
393261,415451,48.00
393262,415452,8.00
393263,415453,42.00
393264,415454,7.00
393265,415456,82.00
393266,415457,2.00
393267,415459,1.00
393269,415470,3.00
393270,415471,30.00
393271,415476,4.00
393272,415477,113.00
393273,415478,78.00
393274,415479,311.00
393275,415481,99.00
393276,415482,490.00
393277,415484,41.00
393279,415490,44.00
393280,415491,72.00
393281,415492,44.00
393282,415493,33.00
393283,415494,146.00
393284,415498,5.00
393285,415499,25.00
393286,415500,82.00
393287,415502,81.00
393288,415505,24.00
393289,415506,11.00
393290,415507,58.00
393293,415510,14.00
393295,415515,33.00
393296,415516,9.00
393298,415521,50.00
393299,415522,26.00
393300,415528,83.00
393301,415529,44.00
393302,415533,22.00
393303,415534,64.00
393304,415536,8.00
393307,415541,96.00
393308,415542,119.00
393309,415543,84.00
393310,415544,71.00
393311,415545,104.00
393312,415546,55.00
393313,415547,97.00
393314,415548,123.00
393315,415549,11.00
393316,415550,24.00
393317,415551,79.00
393318,415552,44.00
393319,415554,2.00
393320,415557,11.00
393321,415558,42.00
393323,415560,13.00
393324,415561,30.00
393326,415564,22.00
393327,415565,292.00
393328,415566,54.00
393329,415567,12.00
393331,415569,84.00
393332,415570,42.00
393333,415571,63.00
393334,415572,155.00
393336,415574,14.00
393337,415575,199.00
393338,415576,8.00
393339,415577,392.00
393341,415578,77.00
393342,415579,90.00
393343,415580,10.00
393344,415581,62.00
393345,415582,52.00
393346,415583,21.00
393347,415584,165.00
393348,415585,167.00
393349,415586,25.00
393350,415589,6.00
393351,415590,14.00
393352,415596,83.00
393353,415597,39.00
393355,415603,2.00
393356,415604,8.00
393357,415606,52.00
393358,415607,21.00
393361,415615,3.00
393362,415616,27.00
393363,415617,7.00
393364,415618,54.00
393366,415623,31.00
393367,415626,6.00
393370,415698,1181.00
393371,415699,846.00
393372,415701,1014.00
393373,415702,73.00
393374,415704,427.00
393375,415706,839.00
393376,415707,730.00
393377,415708,1241.00
393378,415709,2492.00
393379,415710,146.00
393380,415711,172.00
393381,415712,319.00
393382,415714,262.00
393383,415716,1303.00
393384,415717,252.00
393385,415718,314.00
393386,415719,720.00
393387,415720,289.00
393388,415721,74.00
393389,415722,442.00
393390,415723,154.00
393391,415725,287.00
393392,415726,685.00
393393,415727,400.00
393394,415728,92.00
393395,415729,87.00
393396,415730,176.00
393397,415731,301.00
393398,415732,752.00
393399,415733,130.00
393400,415734,132.00
393401,415735,102.00
393402,415736,58.00
393403,415737,168.00
393404,415738,113.00
393405,415739,70.00
393406,415740,29.00
393407,415742,17.00
393408,415743,35.00
393409,415745,91.00
393410,415746,105.00
393411,415747,18.00
393412,415754,79.00
393413,415760,3.00
393414,415761,25.00
393415,415762,7.00
393416,415763,131.00
393417,415765,1.00
393418,415766,80.00
393419,415768,154.00
393420,415769,206.00
393421,415770,194.00
393422,415771,183.00
393423,415772,113.00
393424,415773,122.00
393425,415774,286.00
393426,415775,62.00
393427,415776,64.00
393428,415777,70.00
393429,415778,59.00
393430,415780,30.00
393431,415781,86.00
393432,415782,126.00
393435,415786,10.00
393436,415788,83.00
393437,415790,98.00
393439,415792,12.00
393440,415793,7.00
393441,415795,80.00
393442,415796,47.00
393443,415797,8.90
393444,415801,10.00
393447,415806,50.00
393448,415807,52.00
393450,415811,50.00
393451,415812,239.00
393452,415814,62.00
393453,415815,50.00
393454,415816,37.00
393455,415817,17.00
393456,415818,124.00
393457,415819,88.00
393458,415820,97.00
393459,415821,39.00
393460,415822,75.00
393461,415823,57.00
393462,415825,63.00
393463,415826,48.00
393464,415828,29.00
393466,415831,89.00
393467,415835,30.00
393468,415836,42.00
393469,415837,37.00
393470,415839,2.00
393471,415840,14.00
393472,415841,50.00
393473,415842,71.00
393474,415843,20.00
393475,415844,85.00
393476,415845,27.00
393477,415846,178.00
393478,415848,97.00
393479,415849,117.00
393480,415850,444.00
393481,415851,312.00
393482,415852,184.00
393483,415854,157.00
393484,415855,259.00
393485,415856,282.00
393486,415857,87.00
393487,415858,105.00
393488,415859,129.00
393489,415860,58.00
393490,415861,73.00
393491,415862,118.00
393493,415864,61.00
393494,415865,49.00
393495,415866,67.00
393496,415869,41.00
393497,415870,32.00
393498,415871,216.00
393499,415872,5.00
393500,415873,41.00
393501,415874,41.00
393502,415875,25.00
393503,415876,14.00
393504,415877,2.00
393505,415879,8.00
393506,415881,28.00
393507,415882,22.00
393508,415883,6.00
393509,415884,27.00
393510,415886,29.00
393511,415887,40.00
393512,415888,71.00
393513,415889,3.00
393514,415890,47.00
393515,415891,63.00
393516,415892,18.00
393517,415893,41.00
393518,415894,54.00
393520,415896,85.00
393521,415897,88.00
393522,415898,36.00
393523,415899,90.00
393524,415900,113.00
393525,415901,71.00
393526,415902,19.00
393527,415905,116.00
393528,415907,56.00
393529,415908,37.00
393530,415909,6.00
393531,415910,38.00
393532,415911,4.00
393533,415913,76.00
393534,415914,11.00
393535,415916,5.00
393537,415927,11.00
393538,415928,29.00
393539,415933,18.00
393540,415934,80.00
393541,415935,70.00
393542,415936,164.00
393543,415938,137.00
393544,415939,523.00
393545,415941,58.00
393547,415947,49.00
393548,415948,63.00
393549,415949,40.00
393550,415950,44.00
393551,415951,118.00
393552,415955,53.00
393553,415956,62.00
393554,415957,75.00
393555,415959,80.00
393556,415961,8.10
393557,415962,8.00
393558,415963,15.00
393559,415964,47.00
393560,415967,12.00
393562,415972,11.00
393563,415973,3.00
393565,415978,44.00
393566,415979,20.00
393567,415985,58.00
393568,415986,41.00
393569,415990,14.00
393570,415991,48.00
393571,415992,1.00
393572,415993,10.00
393576,415997,10.00
393577,415998,85.00
393578,415999,131.00
393579,416000,88.00
393580,416001,57.00
393581,416002,85.00
393582,416003,42.00
393583,416004,92.00
393584,416005,105.00
393585,416006,13.00
393586,416007,43.00
393587,416008,77.00
393588,416009,36.00
393589,416011,6.00
393590,416014,14.00
393591,416015,39.00
393593,416017,23.00
393594,416018,30.00
393596,416021,11.00
393597,416022,202.00
393598,416023,31.00
393599,416024,22.00
393601,416026,76.00
393602,416027,19.00
393603,416028,46.00
393604,416029,145.00
393606,416031,14.00
393607,416032,95.00
393608,416033,31.00
393609,416034,174.00
393611,416035,62.00
393612,416036,83.00
393613,416037,3.00
393614,416038,65.00
393615,416039,56.00
393616,416041,181.00
393617,416042,157.00
393618,416043,25.00
393619,416046,2.00
393620,416047,17.00
393621,416053,78.00
393622,416054,38.00
393624,416061,5.00
393625,416063,33.00
393626,416064,18.00
393629,416072,18.00
393630,416073,23.00
393631,416075,41.00
393633,416080,44.00
393634,416083,8.00
495717,416275,161.00
495736,416294,35.00
495742,416300,17.00
495743,416301,72.00
495747,416305,93.00
495748,416306,95.00
495750,416308,180.00
495751,416309,223.00
495758,416316,110.00
495760,416318,174.00
495769,416327,41.00
495776,416334,2.00
495778,416336,13.00
495826,416384,12.00
495827,416385,28.00
495861,416419,14.00
495866,416424,17.00
495891,416449,1.00
495892,416450,11.00
495913,416471,11.00
495917,416475,48.00
495920,416478,1.00
495923,416481,18.00
495931,416489,45.00
495960,416517,2.00
496400,416612,610.00
496401,416613,702.00
496403,416615,471.00
496404,416616,86.00
496406,416618,218.00
496408,416620,558.00
496409,416621,500.00
496410,416622,879.00
496411,416623,643.00
496412,416624,44.00
496413,416625,116.00
496414,416626,375.00
496416,416628,286.00
496418,416630,2210.00
496419,416631,480.00
496420,416632,256.00
496421,416633,352.00
496422,416634,405.00
496423,416635,67.00
496424,416636,258.00
496425,416637,154.00
496427,416639,467.00
496428,416640,501.00
496429,416641,285.00
496430,416642,143.00
496431,416643,67.00
496432,416644,44.00
496433,416645,267.00
496434,416646,510.00
496435,416647,127.00
496436,416648,182.00
496437,416649,116.00
496438,416650,54.00
496439,416651,233.00
496440,416652,130.00
496441,416653,59.00
496442,416654,50.00
496444,416656,18.00
496445,416657,43.00
496447,416659,103.00
496448,416660,119.00
496449,416661,20.00
496456,416668,186.00
496457,416669,10.00
496462,416674,8.00
496463,416675,59.00
496464,416676,16.00
496465,416677,293.00
496467,416679,2.00
496468,416680,124.00
496471,416683,110.00
496472,416684,241.00
496473,416685,102.00
496474,416686,3.00
496475,416687,57.00
496476,416688,347.00
496477,416689,89.00
496478,416690,57.00
496479,416691,97.00
496480,416692,71.00
496482,416694,27.00
496483,416695,88.00
496484,416696,168.00
496486,416698,205.00
496488,416700,20.00
496490,416702,106.00
496493,416705,69.00
496494,416706,11.00
496495,416707,16.00
496496,416708,1.00
496497,416709,90.00
496498,416710,41.00
496499,416711,12.00
496503,416715,19.00
496504,416716,22.00
496508,416720,53.00
496512,416724,14.00
496513,416725,34.00
496514,416726,26.00
496516,416728,87.00
496517,416729,50.00
496518,416730,37.00
496519,416731,52.00
496520,416732,161.00
496521,416733,98.00
496522,416734,94.00
496523,416735,85.00
496524,416736,77.00
496525,416737,67.00
496527,416739,73.00
496528,416740,73.00
496530,416742,25.00
496531,416743,119.00
496533,416745,92.00
496537,416749,31.00
496538,416750,50.00
496539,416751,30.00
496543,416755,66.00
496544,416756,80.00
496545,416757,13.00
496546,416758,61.00
496547,416759,78.00
496548,416760,245.00
496550,416762,125.00
496551,416763,92.00
496552,416764,255.00
496553,416765,14.00
496554,416766,92.00
496556,416768,73.00
496557,416769,132.00
496558,416770,194.00
496559,416771,84.00
496560,416772,109.00
496561,416773,166.00
496562,416774,148.00
496563,416775,150.00
496564,416776,121.00
496566,416778,60.00
496567,416779,39.00
496568,416780,37.00
496570,416782,1.00
496571,416783,44.00
496572,416784,47.00
496573,416785,190.00
496574,416786,14.00
496575,416787,56.00
496576,416788,47.00
496578,416790,24.00
496579,416791,2.00
496581,416793,13.00
496583,416795,41.00
496584,416796,20.00
496585,416797,13.00
496586,416798,28.00
496588,416800,32.00
496589,416801,53.00
496590,416802,73.00
496592,416804,56.00
496593,416805,40.00
496594,416806,11.00
496595,416807,33.00
496596,416808,49.00
496597,416809,105.00
496598,416810,125.00
496599,416811,147.00
496600,416812,40.00
496601,416813,123.00
496602,416814,174.00
496603,416815,83.00
496604,416816,17.00
496607,416819,139.00
496609,416821,63.00
496610,416822,82.00
496611,416823,25.00
496612,416824,40.00
496613,416825,3.00
496615,416827,78.00
496616,416828,67.00
496622,416834,43.00
496623,416835,4.00
496629,416841,5.00
496630,416842,26.00
496635,416847,30.00
496636,416848,104.00
496637,416849,42.00
496638,416850,111.00
496640,416852,74.00
496641,416853,272.00
496643,416855,39.00
496646,416858,3.00
496648,416860,35.00
496649,416861,59.00
496650,416862,132.00
496651,416863,64.00
496652,416864,126.00
496653,416865,232.00
496657,416869,76.00
496658,416870,68.00
496659,416871,90.00
496661,416873,66.00
496663,416875,23.00
496664,416876,11.00
496665,416877,83.00
496666,416878,79.00
496667,416879,38.00
496669,416881,8.00
496672,416884,57.00
496673,416885,7.00
496674,416886,45.00
496675,416887,21.00
496678,416890,14.00
496680,416892,68.00
496681,416893,60.00
496688,416900,55.00
496692,416904,7.00
496693,416905,37.00
496694,416906,1.00
496695,416907,22.00
496699,416911,34.00
496700,416912,92.00
496701,416913,128.00
496702,416914,102.00
496703,416915,53.00
496704,416916,103.00
496705,416917,59.00
496706,416918,92.00
496707,416919,109.00
496709,416921,74.00
496710,416922,96.00
496711,416923,49.00
496713,416925,13.00
496716,416928,8.00
496717,416929,60.00
496719,416931,31.00
496720,416932,37.00
496724,416936,91.00
496725,416937,60.00
496726,416938,2.00
496727,416939,18.00
496728,416940,84.00
496729,416941,50.00
496730,416942,63.00
496731,416943,25.00
496733,416945,21.00
496734,416946,35.00
496735,416947,22.00
496736,416948,155.00
496738,416949,78.00
496739,416950,76.00
496740,416951,11.00
496741,416952,86.00
496742,416953,86.00
496743,416954,92.00
496744,416955,110.00
496745,416956,51.00
496746,416957,57.00
496749,416960,46.00
496750,416961,41.00
496756,416967,49.00
496757,416968,62.00
496763,416974,5.00
496764,416975,14.00
496775,416986,14.00
496776,416987,18.00
496777,416988,2.00
496783,416994,50.00
496790,417001,31.00
498780,417069,644.00
498781,417070,762.00
498783,417072,566.00
498784,417073,77.00
498786,417075,308.00
498788,417077,634.00
498789,417078,559.00
498790,417079,989.00
498791,417080,757.00
498792,417081,63.00
498793,417082,116.00
498794,417083,398.00
498796,417085,312.00
498797,417086,1.00
498798,417087,2305.00
498799,417088,591.00
498800,417089,268.00
498801,417090,534.00
498802,417091,320.00
498803,417092,92.00
498804,417093,361.00
498805,417094,184.00
498807,417096,493.00
498808,417097,569.00
498809,417098,321.00
498810,417099,160.00
498811,417100,101.00
498812,417101,54.00
498813,417102,489.00
498814,417103,534.00
498815,417104,116.00
498816,417105,233.00
498817,417106,141.00
498818,417107,59.00
498819,417108,232.00
498820,417109,130.00
498821,417110,66.00
498822,417111,42.00
498824,417113,31.00
498825,417114,40.00
498827,417116,102.00
498828,417117,151.00
498829,417118,26.00
498836,417125,104.00
498837,417126,13.00
498842,417131,14.00
498843,417132,59.00
498844,417133,20.00
498845,417134,283.00
498847,417136,1.00
498848,417137,135.00
498851,417140,110.00
498852,417141,260.00
498853,417142,122.00
498855,417144,72.00
498856,417145,386.00
498857,417146,101.00
498858,417147,63.00
498859,417148,94.00
498860,417149,82.00
498862,417151,34.00
498863,417152,88.00
498864,417153,176.00
498866,417155,214.00
498868,417157,26.00
498870,417159,109.00
498873,417162,87.00
498874,417163,13.00
498875,417164,19.00
498876,417165,4.00
498877,417166,102.00
498878,417167,44.00
498879,417168,42.00
498883,417172,23.00
498884,417173,28.00
498888,417177,50.00
498889,417178,73.00
498892,417181,18.00
498893,417182,44.00
498894,417183,34.00
498897,417186,44.00
498898,417187,39.00
498899,417188,93.00
498900,417189,168.00
498901,417190,106.00
498902,417191,89.00
498903,417192,81.00
498904,417193,81.00
498905,417194,70.00
498907,417196,82.00
498908,417197,70.00
498910,417199,33.00
498911,417200,114.00
498913,417202,107.00
498917,417206,34.00
498918,417207,50.00
498919,417208,35.00
498923,417212,75.00
498924,417213,80.00
498925,417214,13.00
498926,417215,69.00
498927,417216,79.00
498928,417217,272.00
498930,417219,115.00
498931,417220,100.00
498932,417221,338.00
498933,417222,31.00
498934,417223,128.00
498936,417225,129.00
498937,417226,85.00
498938,417227,195.00
498939,417228,80.00
498940,417229,121.00
498941,417230,190.00
498942,417231,151.00
498943,417232,151.00
498944,417233,115.00
498946,417235,64.00
498947,417236,47.00
498948,417237,44.00
498951,417240,54.00
498952,417241,39.00
498953,417242,232.00
498954,417243,11.00
498955,417244,75.00
498956,417245,46.00
498958,417247,26.00
498959,417248,1.00
498963,417252,49.00
498964,417253,20.00
498965,417254,14.00
498966,417255,28.00
498967,417256,20.00
498968,417257,36.00
498969,417258,52.00
498970,417259,74.00
498972,417261,67.00
498973,417262,46.00
498974,417263,12.00
498975,417264,51.00
498976,417265,40.00
498977,417266,97.00
498978,417267,116.00
498979,417268,146.00
498980,417269,40.00
498981,417270,140.00
498982,417271,187.00
498983,417272,95.00
498984,417273,12.00
498987,417276,146.00
498989,417278,60.00
498990,417279,69.00
498991,417280,40.00
498992,417281,37.00
498993,417282,3.00
498995,417284,84.00
498996,417285,70.00
499002,417291,27.00
499003,417292,7.00
499009,417298,2.00
499010,417299,23.00
499015,417304,82.00
499016,417305,115.00
499017,417306,72.00
499018,417307,123.00
499019,417308,203.00
499020,417309,100.00
499021,417310,525.00
499023,417312,73.00
499026,417315,23.00
499028,417317,16.00
499029,417318,60.00
499030,417319,119.00
499031,417320,64.00
499032,417321,156.00
499033,417322,287.00
499037,417326,76.00
499038,417327,65.00
499039,417328,103.00
499041,417330,78.00
499043,417332,28.00
499044,417333,7.00
499045,417334,83.00
499046,417335,78.00
499047,417336,93.00
499049,417338,14.00
499052,417341,59.00
499053,417342,7.00
499054,417343,48.00
499055,417344,28.00
499058,417347,17.00
499060,417349,66.00
499061,417350,61.00
499068,417357,31.00
499072,417361,12.00
499073,417362,44.00
499074,417363,1.00
499075,417364,6.00
499079,417368,20.00
499080,417369,90.00
499081,417370,136.00
499082,417371,117.00
499083,417372,55.00
499084,417373,104.00
499085,417374,68.00
499086,417375,109.00
499087,417376,94.00
499088,417377,16.00
499089,417378,46.00
499090,417379,95.00
499091,417380,49.00
499093,417382,10.00
499096,417385,9.00
499097,417386,50.00
499099,417388,18.00
499100,417389,50.00
499103,417392,26.00
499104,417393,87.00
499105,417394,75.00
499106,417395,3.00
499107,417396,34.00
499108,417397,94.00
499109,417398,69.00
499110,417399,72.00
499111,417400,19.00
499113,417402,48.00
499114,417403,34.00
499115,417404,10.00
499116,417405,184.00
499118,417406,89.00
499119,417407,70.00
499120,417408,19.00
499121,417409,95.00
499122,417410,105.00
499123,417411,115.00
499124,417412,100.00
499125,417413,56.00
499126,417414,62.00
499129,417417,92.00
499130,417418,118.00
499136,417424,64.00
499137,417425,56.00
499143,417431,5.00
499144,417432,20.00
499155,417443,13.00
499156,417444,42.00
499157,417445,22.00
499163,417451,189.00
499170,417458,49.00
499224,417512,248.00
499225,417513,964.00
499230,417518,75.00
516713,417526,1233.00
516714,417527,869.00
516716,417529,679.00
516717,417530,69.00
516719,417532,386.00
516721,417534,674.00
516722,417535,472.00
516723,417536,976.00
516724,417537,1525.00
516725,417538,67.00
516726,417539,117.00
516727,417540,344.00
516729,417542,406.00
516731,417544,2319.00
516732,417545,613.00
516733,417546,434.00
516734,417547,837.00
516735,417548,316.00
516736,417549,107.00
516737,417550,565.00
516738,417551,169.00
516740,417553,644.00
516741,417554,520.00
516742,417555,304.00
516743,417556,146.00
516744,417557,93.00
516745,417558,69.00
516746,417559,617.00
516747,417560,523.00
516748,417561,108.00
516749,417562,233.00
516750,417563,119.00
516751,417564,67.00
516752,417565,215.00
516753,417566,121.00
516754,417567,179.00
516755,417568,42.00
516757,417570,62.00
516758,417571,46.00
516760,417573,106.00
516761,417574,132.00
516762,417575,36.00
516769,417582,159.00
516770,417583,12.00
516775,417588,9.00
516776,417589,41.00
516777,417590,28.00
516778,417591,342.00
516780,417593,3.00
516781,417594,104.00
516783,417596,480.00
516784,417597,247.00
516785,417598,439.00
516786,417599,81.00
516787,417600,263.00
516788,417601,68.00
516789,417602,364.00
516790,417603,96.00
516791,417604,60.00
516792,417605,96.00
516793,417606,77.00
516795,417608,43.00
516796,417609,90.00
516797,417610,174.00
516799,417612,205.00
516801,417614,16.00
516802,417615,1.00
516803,417616,115.00
516806,417619,77.00
516807,417620,22.00
516808,417621,16.00
516809,417622,3.00
516810,417623,104.00
516811,417624,45.00
516816,417629,19.00
516821,417634,32.00
516822,417635,67.00
516825,417638,11.00
516826,417639,44.00
516827,417640,28.00
516829,417642,167.00
516830,417643,42.00
516831,417644,37.00
516832,417645,54.00
516833,417646,163.00
516834,417647,147.00
516835,417648,84.00
516836,417649,75.00
516837,417650,77.00
516838,417651,72.00
516840,417653,68.00
516841,417654,71.00
516843,417656,33.00
516844,417657,110.00
516846,417659,101.00
516850,417663,32.00
516851,417664,49.00
516852,417665,31.00
516856,417669,80.00
516857,417670,85.00
516858,417671,14.00
516859,417672,97.00
516860,417673,115.00
516861,417674,859.00
516863,417676,98.00
516864,417677,415.00
516865,417678,546.00
516866,417679,302.00
516867,417680,294.00
516869,417682,314.00
516870,417683,119.00
516871,417684,308.00
516872,417685,81.00
516873,417686,111.00
516874,417687,168.00
516875,417688,141.00
516876,417689,159.00
516877,417690,102.00
516879,417692,61.00
516880,417693,42.00
516881,417694,74.00
516884,417697,78.00
516885,417698,38.00
516886,417699,279.00
516887,417700,24.00
516888,417701,73.00
516889,417702,45.00
516891,417704,32.00
516896,417709,50.00
516897,417710,20.00
516898,417711,20.00
516900,417713,77.00
516901,417714,31.00
516902,417715,58.00
516903,417716,79.00
516905,417718,95.00
516906,417719,38.00
516907,417720,6.00
516908,417721,59.00
516909,417722,57.00
516910,417723,105.00
516911,417724,128.00
516912,417725,131.00
516913,417726,41.00
516914,417727,146.00
516915,417728,215.00
516916,417729,93.00
516917,417730,50.00
516920,417733,140.00
516922,417735,56.00
516923,417736,86.00
516924,417737,60.00
516925,417738,32.00
516928,417741,85.00
516929,417742,69.00
516935,417748,52.00
516936,417749,11.00
516942,417755,57.00
516943,417756,23.00
516948,417761,87.00
516949,417762,106.00
516950,417763,75.00
516951,417764,124.00
516953,417766,297.00
516954,417767,610.00
516956,417769,63.00
516959,417772,21.00
516961,417774,33.00
516962,417775,66.00
516963,417776,144.00
516964,417777,94.00
516965,417778,227.00
516966,417779,267.00
516970,417783,93.00
516971,417784,82.00
516972,417785,123.00
516974,417787,78.00
516976,417789,35.00
516978,417791,271.00
516979,417792,101.00
516985,417798,59.00
516986,417799,12.00
516987,417800,43.00
516988,417801,23.00
516991,417804,30.00
516993,417806,55.00
516994,417807,95.00
517001,417814,71.00
517005,417818,13.00
517006,417819,37.00
517012,417825,72.00
517013,417826,136.00
517014,417827,122.00
517015,417828,120.00
517016,417829,68.00
517017,417830,96.00
517018,417831,80.00
517019,417832,107.00
517020,417833,196.00
517023,417836,107.00
517024,417837,44.00
517026,417839,7.00
517030,417843,61.00
517036,417849,89.00
517037,417850,67.00
517038,417851,76.00
517039,417852,2.00
517041,417854,140.00
517042,417855,67.00
517043,417856,71.00
517044,417857,3.00
517046,417859,78.00
517048,417861,9.00
517049,417862,223.00
517051,417863,90.00
517052,417864,69.00
517053,417865,34.00
517054,417866,92.00
517055,417867,90.00
517056,417868,115.00
517057,417869,135.00
517058,417870,209.00
517059,417871,62.00
517062,417874,127.00
517063,417875,3.00
517069,417881,59.00
517070,417882,54.00
517076,417888,50.00
517077,417889,16.00
517088,417900,1.00
517089,417901,182.00
517090,417902,39.00
517096,417908,375.00
517157,417969,158.00
517158,417970,1566.00
517163,417975,472.00
551023,417983,1231.00
551024,417984,1011.00
551026,417986,1031.00
551027,417987,90.00
551031,417991,854.00
551032,417992,519.00
551033,417993,1115.00
551034,417994,1557.00
551035,417995,105.00
551036,417996,133.00
551037,417997,391.00
551039,417999,449.00
551041,418001,3091.00
551042,418002,658.00
551043,418003,534.00
551044,418004,1375.00
551045,418005,223.00
551046,418006,87.00
551047,418007,866.00
551048,418008,194.00
551050,418010,974.00
551051,418011,557.00
551052,418012,315.00
551053,418013,146.00
551054,418014,89.00
551055,418015,63.00
551056,418016,752.00
551057,418017,490.00
551058,418018,198.00
551059,418019,297.00
551060,418020,135.00
551061,418021,80.00
551062,418022,259.00
551063,418023,125.00
551064,418024,277.00
551065,418025,49.00
551067,418027,78.00
551068,418028,78.00
551070,418030,121.00
551071,418031,156.00
551072,418032,379.00
551079,418039,176.00
551080,418040,27.00
551086,418046,52.00
551087,418047,27.00
551088,418048,326.00
551090,418050,11.00
551091,418051,99.00
551093,418053,516.00
551094,418054,335.00
551095,418055,466.00
551096,418056,104.00
551097,418057,173.00
551098,418058,118.00
551099,418059,430.00
551100,418060,104.00
551101,418061,76.00
551102,418062,109.00
551103,418063,87.00
551105,418065,41.00
551106,418066,101.00
551107,418067,179.00
551111,418071,21.00
551113,418073,137.00
551115,418075,134.00
551116,418076,46.00
551117,418077,24.00
551118,418078,12.00
551120,418080,100.00
551121,418081,36.00
551126,418086,21.00
551131,418091,24.00
551132,418092,80.00
551136,418096,53.00
551139,418099,104.00
551140,418100,49.00
551141,418101,47.00
551142,418102,124.00
551143,418103,183.00
551144,418104,124.00
551145,418105,68.00
551146,418106,82.00
551147,418107,77.00
551148,418108,72.00
551150,418110,96.00
551151,418111,87.00
551153,418113,36.00
551154,418114,122.00
551156,418116,113.00
551160,418120,26.00
551161,418121,52.00
551162,418122,44.00
551166,418126,58.00
551167,418127,108.00
551168,418128,60.00
551169,418129,149.00
551170,418130,143.00
551171,418131,663.00
551173,418133,92.00
551174,418134,345.00
551175,418135,445.00
551176,418136,287.00
551177,418137,343.00
551179,418139,254.00
551180,418140,112.00
551181,418141,388.00
551182,418142,105.00
551183,418143,117.00
551184,418144,145.00
551186,418146,138.00
551187,418147,137.00
551189,418149,47.00
551191,418151,50.00
551194,418154,124.00
551195,418155,20.00
551196,418156,295.00
551197,418157,22.00
551198,418158,83.00
551199,418159,59.00
551201,418161,41.00
551206,418166,49.00
551207,418167,20.00
551208,418168,21.00
551210,418170,86.00
551211,418171,30.00
551212,418172,74.00
551213,418173,79.00
551215,418175,108.00
551216,418176,37.00
551217,418177,27.00
551218,418178,46.00
551219,418179,55.00
551220,418180,104.00
551221,418181,173.00
551222,418182,264.00
551223,418183,44.00
551224,418184,145.00
551225,418185,235.00
551226,418186,100.00
551227,418187,54.00
551230,418190,153.00
551232,418192,55.00
551233,418193,103.00
551234,418194,62.00
551235,418195,25.00
551238,418198,83.00
551239,418199,91.00
551245,418205,29.00
551246,418206,3.00
551252,418212,138.00
551253,418213,17.00
551258,418218,44.00
551259,418219,110.00
551260,418220,70.00
551261,418221,147.00
551263,418223,255.00
551264,418224,224.00
551266,418226,65.00
551269,418229,115.00
551271,418231,68.00
551272,418232,70.00
551273,418233,144.00
551274,418234,115.00
551275,418235,281.00
551276,418236,526.00
551280,418240,141.00
551281,418241,128.00
551282,418242,159.00
551284,418244,68.00
551288,418248,45.00
551289,418249,101.00
551295,418255,64.00
551301,418261,14.00
551303,418263,72.00
551304,418264,85.00
551311,418271,81.00
551315,418275,13.00
551316,418276,34.00
551318,418278,5.00
551323,418283,212.00
551324,418284,142.00
551325,418285,127.00
551326,418286,96.00
551327,418287,111.00
551328,418288,101.00
551329,418289,156.00
551333,418293,118.00
551334,418294,44.00
551336,418296,7.00
551340,418300,64.00
551346,418306,72.00
551347,418307,72.00
551348,418308,76.00
551349,418309,3.00
551351,418311,137.00
551352,418312,64.00
551353,418313,78.00
551354,418314,19.00
551356,418316,19.00
551358,418318,13.00
551359,418319,327.00
551361,418320,130.00
551362,418321,159.00
551363,418322,17.00
551364,418323,92.00
551365,418324,85.00
551366,418325,138.00
551367,418326,174.00
551368,418327,331.00
551369,418328,58.00
551372,418331,179.00
551373,418332,55.00
551379,418338,50.00
551380,418339,50.00
551386,418345,55.00
551387,418346,17.00
551399,418358,146.00
551400,418359,40.00
551406,418365,457.00
551467,418426,93.00
551468,418427,1347.00
551473,418432,221.00
606108,418440,468.00
606116,418448,212.00
606117,418449,182.00
606119,418451,1258.00
606120,418452,67.00
606121,418453,56.00
606122,418454,222.00
606124,418456,89.00
606126,418458,1887.00
606127,418459,165.00
606128,418460,128.00
606129,418461,53.00
606130,418462,143.00
606131,418463,50.00
606133,418465,101.00
606136,418468,315.00
606137,418469,158.00
606138,418470,74.00
606139,418471,37.00
606140,418472,58.00
606142,418474,208.00
606143,418475,61.00
606144,418476,125.00
606145,418477,83.00
606146,418478,53.00
606147,418479,155.00
606148,418480,55.00
606149,418481,104.00
606152,418484,38.00
606156,418488,72.00
606164,418496,104.00
606171,418503,5.00
606178,418510,307.00
606179,418511,101.00
606180,418512,246.00
606181,418513,62.00
606184,418516,215.00
606185,418517,50.00
606186,418518,39.00
606187,418519,74.00
606188,418520,44.00
606191,418523,261.00
606192,418524,98.00
606198,418530,66.00
606201,418533,51.00
606205,418537,40.00
606211,418543,4.00
606216,418548,26.00
606217,418549,42.00
606221,418553,30.00
606224,418556,60.00
606225,418557,29.00
606226,418558,29.00
606228,418560,46.00
606230,418562,79.00
606231,418563,49.00
606232,418564,45.00
606233,418565,41.00
606236,418568,42.00
606241,418573,84.00
606247,418579,21.00
606252,418584,50.00
606255,418587,27.00
606256,418588,392.00
606258,418590,39.00
606259,418591,286.00
606260,418592,160.00
606261,418593,133.00
606262,418594,140.00
606264,418596,299.00
606266,418598,206.00
606267,418599,53.00
606268,418600,77.00
606272,418604,64.00
606276,418608,1.00
606279,418611,57.00
606281,418613,173.00
606284,418616,31.00
606291,418623,29.00
606301,418633,29.00
606304,418636,42.00
606305,418637,17.00
606306,418638,49.00
606307,418639,102.00
606308,418640,21.00
606309,418641,91.00
606310,418642,107.00
606311,418643,47.00
606312,418644,35.00
606315,418647,36.00
606317,418649,37.00
606318,418650,40.00
606320,418652,37.00
606323,418655,43.00
606324,418656,40.00
606330,418662,10.00
606331,418663,3.00
606344,418676,30.00
606345,418677,65.00
606346,418678,54.00
606348,418680,371.00
606349,418681,262.00
606396,418728,12.00
606408,418740,12.00
606409,418741,23.00
606410,418742,69.00
606411,418743,83.00
606412,418744,23.00
606413,418745,38.00
606414,418746,74.00
606418,418750,50.00
606419,418751,19.00
606421,418753,1.00
606425,418757,27.00
606433,418765,38.00
606437,418769,37.00
606438,418770,46.00
606444,418776,62.00
606446,418777,72.00
606447,418778,113.00
606449,418780,37.00
606451,418782,88.00
606452,418783,68.00
606453,418784,81.00
606454,418785,14.00
606472,418803,7.00
606484,418815,182.00
606552,418883,32.00
606553,418884,852.00
606558,418889,120.00
661549,419000,17.00
661649,419100,94.00
661734,419185,12.00
