电气设备 1 1 1 1 1 1 1 2 3 4 3 4 3 2 2 2 2 3
工业机械 2 2 2 3 3 2 2 3 4 6 4 6 5 4 5 4 5 4
航空 3 4 4 4 6 8 8 8 8 13 34 14 22 25 32 34 32 26
化工 4 3 3 2 2 3 3 1 2 1 1 2 1 1 1 1 1 1
元器件 5 6 7 6 5 4 5 5 6 3 5 5 6 6 6 6 6 7
有色 6 5 5 5 4 5 4 4 1 2 2 1 2 3 3 3 3 2
半导体 7 9 14 8 7 6 7 6 5 5 6 3 4 5 4 5 4 5
通用机械 8 11 15 7 9 7 6 9 10 8 9 8 8 8 10 9 13 11
电器仪表 9 15 10 13 12 10 11 10 11 9 10 9 10 10 13 16 17 18
汽车类 10 7 8 9 10 12 12 12 12 16 11 10 15 15 19 17 14 16
钢铁 11 10 6 11 15 15 14 15 7 7 7 7 7 7 7 8 8 15
矿物制品 12 12 12 18 16 14 18 21 15 11 13 13 9 9 9 14 20 25
通信设备 13 14 11 10 8 9 9 7 9 10 8 15 19 16 21 21 19 24
煤炭 14 13 9 16 18 20 34 28 24 25 17 27 24 32 34 26 23 27
工程机械 15 8 13 17 13 18 24 19 28 39 20 24 20 17 17 18 16 14
建筑 16 20 17 19 20 16 15 11 13 15 12 11 12 13 12 12 10 10
软件服务 17 16 19 12 14 11 10 14 14 12 15 12 14 12 14 11 15 13
环境保护 18 21 20 22 21 21 17 17 16 17 14 16 11 18 18 19 18 17
医药 19 17 16 14 11 13 16 20 29 30 16 19 16 14 8 7 7 8
医疗保健 20 19 18 15 17 17 13 16 19 23 22 31 31 21 20 20 21 23
电力 21 34 22 25 29 23 27 31 39 43 45 44 37 40 41 48 41 41
IT设备 22 24 26 21 28 24 22 22 20 19 23 17 25 35 38 45 35 46
农林牧渔 23 25 25 30 22 26 29 29 21 22 18 25 23 20 23 23 26 20
房地产 24 32 24 27 25 28 25 26 22 27 24 26 26 23 24 24 28 31
运输设备 25 33 28 28 26 22 26 27 23 31 33 32 32 24 31 42 31 43
商业连锁 26 27 33 36 40 31 31 36 36 38 40 40 40 41 44 41 39 28
建材 27 28 23 20 23 27 20 18 17 14 21 18 13 11 15 13 9 12
广告包装 28 22 27 26 24 29 23 24 18 21 27 28 27 29 25 28 22 19
证券 29 23 39 37 45 43 36 41 46 41 44 42 45 46 48 46 48 49
家用电器 30 26 32 38 31 35 37 37 37 36 41 38 29 30 27 30 29 32
船舶 31 30 51 50 50 49 48 48 47 50 50 49 51 51 50 51 51 51
化纤 32 18 21 23 19 19 19 13 30 18 28 30 21 19 11 15 11 6
石油 33 35 29 33 34 33 33 33 33 32 35 34 42 43 46 44 46 45
公共交通 34 36 35 34 35 34 35 34 34 34 36 36 34 34 36 36 34 55
日用化工 35 54 54 53 53 52 52 51 35 35 39 23 36 38 40 39 38 39
互联网 36 39 40 39 46 36 38 38 32 37 30 33 38 28 33 22 24 30
商贸代理 37 29 31 24 30 30 30 23 27 28 25 21 28 22 26 29 42 42
食品饮料 38 38 41 40 39 37 39 42 40 44 31 39 39 47 43 40 49 34
多元金融 39 31 34 31 32 32 32 30 38 29 42 29 30 31 28 32 25 22
供气供热 40 40 43 41 33 39 40 55 53 54 55 54 55 55 55 43 45 44
酿酒 41 41 44 42 43 45 44 44 42 46 43 46 48 44 37 27 47 38
仓储物流 42 42 36 35 36 40 41 39 55 55 37 55 56 36 47 37 36 29
文教休闲 43 37 30 43 37 41 28 35 26 20 26 37 35 37 39 38 37 47
交通设施 44 44 45 45 44 42 42 40 56 56 56 56 44 56 56 56 56 48
传媒娱乐 45 45 46 56 56 56 56 56 54 42 32 43 46 39 29 47 40 40
纺织服饰 46 46 38 29 27 25 21 25 25 26 19 22 17 27 16 10 12 9
银行 47 47 47 46 47 44 43 43 41 45 46 45 47 48 49 49 50 50
酒店餐饮 48 48 48 47 48 46 45 45 43 47 47 47 49 49 35 35 33 37
造纸 49 49 49 48 41 47 46 46 44 48 48 41 41 42 30 33 30 36
运输服务 50 50 50 49 49 48 47 47 45 49 49 48 50 50 45 50 44 35
综合类 51 51 42 32 42 38 49 32 31 24 29 20 18 26 22 25 27 21
电信运营 52 52 52 51 51 50 50 49 48 33 51 35 33 33 51 52 52 52
水务 53 53 53 52 52 51 51 50 49 51 52 50 52 52 52 53 53 53
旅游 54 55 55 54 54 53 53 52 50 52 53 51 53 53 42 31 43 33
家居用品 55 43 37 44 38 54 54 53 51 40 38 52 43 45 53 54 54 54
保险 56 56 56 55 55 55 55 54 52 53 54 53 54 54 54 55 55 56
