736;61;4;2;5;杨桂银;物业人员;1;13306518942;;;790a2e805bdb2334f6f374f810637053;;;422425197504297911;1;1;2;0;;1;80;5;0;1;354;83;1;0;0;0;201706;201706;06/13/2017 19:09:28;06/02/2017 11:11:02;
737;61;4;2;5;聂新旺;物业人员;1;13588714831;;;f809bbe9acc476dcc3c40c763ba4daa7;;;342824196904241432;1;1;2;0;;1;80;5;0;1;355;83;1;0;0;0;201706;201706;06/13/2017 19:09:16;06/02/2017 11:11:02;
689;61;4;2;5;陈月池;物业人员;1;13733601138;;;e9b8cfb5b6738d2e9749a896405837b4;employee/170406/1491474649.png;河南省鄢陵县南坞乡孙老村2组;411024195608192559;1;1;2;0;;1;80;5;0;1;337;83;1;0;0;0;201706;201706;06/13/2017 19:09:42;06/02/2017 11:11:02;
869;61;4;2;5;张中仁;物业人员;1;15167186699;;;6147a42a7d37e2597d715e975c591327;;;;1;1;2;0;;1;80;5;0;1;503;83;1;0;0;0;0;0;06/11/2017 09:44:43;06/02/2017 20:30:14;
674;61;4;2;5;陈红磊;物业人员;1;15290649627;;;fecde565b98d25a2dbda9d6098e22c69;employee/170406/1491470706.jpg;河南省沈丘县赵德营镇陈楼行政村陈楼村000号;412728199202146459;1;1;2;0;1.2.3;1;80;5;0;1;312;83;1;0;0;0;201706;201706;06/12/2017 14:58:43;06/02/2017 11:11:02;
794;61;6;2;5;张盼;物业人员;2;15294789309;;;b408f485adcb63ae267f92bb0be0d094;;;;1;1;2;0;;1;80;5;0;1;339;83;1;0;0;0;201706;201706;06/11/2017 09:44:26;06/02/2017 11:11:02;
799;37;4;2;5;吕利慧;物业人员;1;15388577959;;;29af3c9a2785157b9d9bd7ffa0411489;;;141022199803190014;1;1;2;0;1.2.3;1;80;5;0;1;83;83;1;0;0;0;201706;20170617;06/17/2017 16:09:59;06/02/2017 11:11:02;离职人员
575;34;6;2;5;孙玉环;物业人员;2;15557180958;;;1fc5470a9f7dabdd65e67df78fb5aa23;;;;1;1;2;0;1.1.3;2;80;5;0;0;127;83;1;0;0;0;201706;201706;06/12/2017 15:41:28;06/02/2017 11:11:02;客服主管
835;74;4;2;5;钱培四;物业人员;1;15924153015;;;bace89c646ef4ac6b9c11d1a886621f2;employee/170521/1495338608.jpg;;;1;1;2;0;;1;80;5;0;0;83;83;1;0;0;0;201706;201706;06/16/2017 17:16:44;06/02/2017 11:11:02;离职人员
797;63;6;2;5;钱用;物业人员;1;18268824341;;;f49770afea557596824e9225ca5c668c;;;;1;1;2;0;;1;80;5;0;1;439;83;1;0;0;0;201706;201706;06/13/2017 18:30:00;06/02/2017 11:11:02;
496;37;4;2;5;郭连重;物业人员;1;18368133913;151839064XX;李华珍;163f40d06d40357d19551606ede6c087;;河南省南阳市唐河县;411325199912031339;1;1;2;0;1.2.3;1;80;5;0;1;83;83;1;0;0;0;201706;201706;00/00/0000 00:00:00;06/02/2017 11:11:02;离职人员
833;76;2;2;5;吴华美;物业人员;1;18757137219;;;a857ea5c53a1b4033c677b56983e11a7;employee/170521/1495338473.jpg;;;1;1;2;0;;1;80;5;0;0;83;83;1;0;0;0;201706;201706;06/16/2017 17:16:36;06/02/2017 11:11:02;离职人员
856;37;4;2;5;胡明川;物业人员;1;18817214130;13602584828;黄成家;a466655dc1a8eec45ad298b9a2baedd8;;;342921199105031818;1;1;2;0;1.2.1;2;80;5;0;1;83;83;1;0;0;0;0;20170608;06/17/2017 17:41:23;06/02/2017 11:11:02;离职人员
733;59;6;1;5;杨俊敏;物业人员;1;18912341234;;;403636c29602a15b5ad56d1ab92affd6;employee/170412/1491970351.jpg;;;0;0;1;0;1.1.3;2;80;5;0;1;389;83;0;0;2;0;201706;201706;06/03/2017 12:03:39;06/02/2017 11:11:02;
