823;75;3;2;26;杨庆东;物业人员;1;13018979249;;;1c93436200756eb5c0db9fc12561686e;employee/170521/1495336939.jpg;;320724196901130074;1;1;2;0;;1;80;5;0;1;462;462;1;0;0;0;0;0;
817;74;4;2;25;李大宝;物业人员;1;13071886382;;;402d73272a5940ce6acf27ed20fa3091;;;;1;1;2;0;;1;80;5;0;1;456;456;1;0;0;0;0;0;
811;72;5;2;24;王建;物业人员;1;13122239496;;;393f18ceb11673629cb5ee39fb48eec4;;王源路788弄24号;320823196510101654;1;1;2;0;;1;80;5;0;1;450;450;1;0;0;0;0;0;
820;74;4;2;25;宋成标;物业人员;1;13157122420;;;5a38f82d451fc3a635970c7e64cc6edf;employee/170521/1495333673.jpg;;;1;1;2;0;;1;80;5;0;1;459;459;1;0;0;0;0;0;
816;76;2;2;25;时善平;物业人员;2;13376814583;;;39fa3fe7b117e5c2ff7c8a89b8bec539;employee/170521/1495333455.jpg;;320825196408160968;1;1;2;0;;1;80;5;0;1;454;454;1;0;0;0;0;0;
802;68;6;2;24;孙斌;物业人员;1;13402163600;18964548177;徐玉英;7986691a75f99e8fa6b984222624a7be;employee/170519/1495189087.jpg;长宁区中山西路945弄13号401;310105198209253612;1;1;2;0;;1;80;5;0;1;441;441;1;0;0;0;0;0;
830;74;4;2;26;李成海;物业人员;1;13587337495;;;8e59f3e8e1f88483139dab6371dad92d;employee/170521/1495337519.jpg;;;1;1;2;0;;1;80;5;0;1;469;469;1;0;0;0;0;0;
836;74;4;2;27;杨文闯;物业人员;1;13588799740;;;d0afc63b548acd9299ebabc68e2751d9;employee/170521/1495338675.jpg;;;1;1;2;0;;1;80;5;0;1;476;476;1;0;0;0;0;0;
810;71;3;2;24;林工;物业人员;1;13611980352;;;60be482c02e54437461f7f4eeee53274;;浙江省宁波市北仑街道小港村;362326196308110013;1;1;2;0;;1;80;5;0;1;449;449;1;0;0;0;0;0;
814;73;6;1;25;邹银钱;物业人员;1;13757140643;;;e47051e244bd7e7c0134bc5f3cba3655;employee/170521/1495333139.jpg;;342501198601243412;0;0;2;0;;1;80;5;0;1;453;453;0;0;2;0;0;0;
815;75;3;2;25;米志园;物业人员;1;13857178459;;;72811fb0de1cfe7dd671ccf4df93c431;employee/170521/1495333383.jpg;;;1;1;2;0;;1;80;5;0;1;455;455;1;1;0;0;0;0;
806;71;3;2;24;李国友;物业人员;1;13917049918;;;3c0f9450425c976bb44959871746f2a9;employee/170520/1495252819.jpg;安徽省临泉县范兴集乡五庄65号;342122197212075414;1;1;2;0;;1;80;5;0;1;444;444;1;0;0;0;0;0;
808;71;3;2;24;刘恩宏;物业人员;1;13917410419;;;94ef41bd18dd016a9dd1df3621fe1f30;employee/170520/1495252990.jpg;江苏省建湖县颜单镇漕桥村5组;329025196904053112;1;1;2;0;;1;80;5;0;1;447;447;1;0;0;0;0;0;
807;71;3;2;24;窦晓波;物业人员;1;13918964344;;;890a1586aab59853ce43d8c518aee4d3;employee/170520/1495252957.jpg;安徽身太和县苗老集镇寨西47号;341222196810106575;1;1;2;0;;1;80;5;0;1;445;445;1;0;0;0;0;0;
827;74;4;2;26;徐富根;物业人员;1;15067021492;;;eff795c3bb293f3385c0345c7e2cfbe2;employee/170521/1495337251.jpg;;;1;1;2;0;;1;80;5;0;1;466;466;1;0;0;0;0;0;
828;74;4;2;26;瞿宗财;物业人员;1;15637685193;;;5e33bbb050a0ebfc78854336fe63769b;;;;1;1;2;0;;1;80;5;0;1;467;467;1;0;0;0;0;0;
822;73;6;2;26;魏良和;物业人员;1;15906622152;;;259f52ee6cdf6397b8af846007a1676f;employee/170521/1495336884.jpg;;342301195802163617;1;1;2;0;;1;80;5;0;1;461;461;1;0;0;0;0;0;
835;74;4;2;27;钱培四;物业人员;1;15924153015;;;bace89c646ef4ac6b9c11d1a886621f2;employee/170521/1495338608.jpg;;;1;1;2;0;;1;80;5;0;1;475;475;1;0;0;0;0;0;
809;70;2;2;24;周子琪;物业人员;1;17701690001;;;222df39515b5284de6630ec9374164b8;employee/170520/1495253377.jpg;徐汇区宾南路36弄2号503;330881198810055519;1;1;2;0;;1;80;5;0;1;448;448;1;0;0;0;0;0;
831;76;2;2;26;王小英;物业人员;1;17767163186;;;867258c0e8eb2afd3c67491cbcef475a;employee/170521/1495337554.jpg;;;1;1;2;0;;1;80;5;0;1;470;470;1;0;0;0;0;0;
819;74;4;2;25;袁登清;物业人员;1;18158111157;;;7e2947faa30939df9217ced0c07d094e;employee/170521/1495333625.jpg;;;1;1;2;0;;1;80;5;0;1;458;458;1;0;0;0;0;0;
825;74;4;2;26;张志刚;物业人员;1;18226324133;;;b5e33a7fdf6a06177a76b455a3182eae;employee/170521/1495337098.jpg;;;1;1;2;0;;1;80;5;0;1;464;464;1;0;0;0;0;0;
829;74;4;2;26;曾发喜;物业人员;1;18258272327;;;052407e91c27b33c0f68b8d852c9515b;;;;1;1;2;0;;1;80;5;0;1;468;468;1;0;0;0;0;0;
818;74;4;2;25;于开兵;物业人员;1;18267120929;;;db4ae68498ecd6d2afef151b81816702;employee/170521/1495333577.jpg;;;1;1;2;0;;1;80;5;0;1;457;457;1;0;0;0;0;0;
803;69;4;2;24;刘勇强;物业人员;1;18321947440;15921259253;刘英秋;525a27ef3e54b141420d850138804b41;employee/170519/1495189289.jpg;湖南省常德市汉寿县坡头镇;43072219790204135X;1;1;2;0;;1;80;5;0;1;443;443;1;0;0;0;0;0;
826;74;4;2;26;陆治安;物业人员;1;18356468476;;;be26f8e6299bd537cda1971a4b0c1f7c;employee/170521/1495337159.jpg;;;1;1;2;0;;1;80;5;0;1;465;465;1;0;0;0;0;0;
834;74;6;2;27;袁甫平;物业人员;1;18357127047;;;64d675b270823fd937666df377eba6fa;employee/170521/1495338558.jpg;;;1;1;2;0;;1;80;5;0;1;474;474;1;0;0;0;0;0;
824;74;4;2;26;冷志高;物业人员;1;18368169439;;;102ac5299c6459815512330f87445e6c;employee/170521/1495337000.jpg;;;1;1;2;0;;1;80;5;0;1;463;463;1;0;0;0;0;0;
833;76;2;2;27;吴华美;物业人员;1;18757137219;;;a857ea5c53a1b4033c677b56983e11a7;employee/170521/1495338473.jpg;;;1;1;2;0;;1;80;5;0;1;473;473;1;0;0;0;0;0;
832;73;6;1;27;陈从清;物业人员;1;18806810863;;;1898505503f02fa21aaa9240ba2204ac;employee/170521/1495338399.jpg;;;1;0;2;0;;1;80;5;0;1;471;471;1;0;2;0;0;0;
812;68;6;1;24;林慧玲;物业人员;2;18816648515;;;fa76a5d9b9a41f1a308b4cc57357303b;employee/170520/1495253635.jpg;江西省萍乡市莲花县升坊镇江口村江口48号;360321198405241029;1;1;2;0;;1;80;5;0;1;451;451;1;0;2;0;0;0;
821;73;6;1;26;李有军;物业人员;1;18858107791;;;5114ac131da018af2431ffd1b091a715;employee/170521/1495336793.jpg;;341221199112176055;1;0;2;0;;1;80;5;0;1;460;460;1;0;2;0;0;0;
805;68;6;2;24;俞萍;物业人员;2;18918026507;;;1e961c4e92c5150173496ad16eeded44;employee/170520/1495252692.jpg;徐汇区古美路1107弄82号102;340721196802080627;1;1;2;0;;1;80;5;0;1;442;442;1;0;0;0;0;0;
813;68;6;2;24;王齐杰;物业人员;2;18964559586;;;5a32eeb7cbb791e8c1cd54d3edb32e79;employee/170520/1495253737.jpg;漕宝路1565弄24号502;31014195201240825;1;1;2;0;;1;80;5;0;1;452;452;1;0;0;0;0;0;
