1306
1306
1305
1305
1304
1304
1303
1303
1302
1302
1297
1297
1290
1290
1289
1289
1288
1288
1287
1287
1286
1286
1285
1285
1284
1284
1283
1283
1280
1280
1276
1276
1275
1275
1273
1273
1252
1252
1239
1239
1236
1236
1234
1234
1232
1232
1230
1230
1182
1182
1181
1181
1180
1180
1179
1179
1178
1178
1174
1174
1157
1157
1156
1156
1152
1152
1141
1141
1140
1140
1138
1138
1130
1130
1129
1129
1128
1128
1126
1126
1125
1125
1124
1124
1123
1123
1122
1122
1110
1110
201612270114017033
201612270114017033
1089
1089
1082
1082
1052
1052
1051
1051
1043
1040
1035
1035
1031
1031
1030
1030
1026
1026
1019
1019
1018
1018
1017
1017
1016
1016
1012
1012
1009
1009
1001
1001
994
994
993
993
987
987
986
986
980
980
971
971
970
970
969
969
962
962
957
957
954
954
950
950
947
947
942
942
941
941
