8510,2
8512,3
8514,4
8516,5
8518,6
8520,7
8522,8
8524,9
8526,10
8528,11
8530,12
8532,13
8534,14
8536,15
8538,16
8540,17
8547,20
8563,28
8578,35
8580,36
8582,37
8584,38
8586,39
8588,40
8590,41
8592,42
8594,43
8596,44
8599,45
8601,46
8603,47
8605,48
8607,49
8609,50
8611,51
8613,52
8615,53
8617,54
8618,55
8620,56
8622,57
8624,58
8626,59
8628,60
8630,61
8632,62
8634,63
8636,64
8619,65
8621,66
8623,67
8625,68
8627,69
8629,70
8631,71
8633,72
8635,73
8637,74
8638,75
8640,76
8642,77
8644,78
8646,79
8648,80
8650,81
8652,82
8654,83
8656,84
8639,85
8641,86
8643,87
8645,88
8647,89
8649,90
8651,91
8653,92
8655,93
8657,94
8676,95
8678,96
8680,97
8682,98
8684,99
8686,100
8688,101
8690,102
8692,103
8694,104
8696,105
8698,106
8700,107
8702,108
8677,109
8679,110
8681,111
8683,112
8685,113
8687,114
8689,115
8691,116
8693,117
8695,118
8697,119
8699,120
8701,121
8703,122
8706,123
8708,124
8710,125
8712,126
8714,127
8716,128
8718,129
8720,130
8722,131
8724,132
8726,133
8728,134
8730,135
8732,136
8707,137
8709,138
8711,139
8713,140
8715,141
8717,142
8719,143
8721,144
8723,145
8725,146
8727,147
8729,148
8731,149
8733,150
8789,151
8791,152
8793,153
8795,154
8797,155
8799,156
8801,157
8803,158
8805,159
8807,160
8809,161
8811,162
8813,163
8815,164
8817,165
8819,166
8790,167
8792,168
8794,169
8796,170
8798,171
8800,172
8802,173
8804,174
8806,175
8808,176
8810,177
8812,178
8814,179
8816,180
8818,181
8820,182
8851,198
8821,199
8823,200
8825,201
8827,202
8829,203
8831,204
8833,205
8835,206
8837,207
8839,208
8841,209
8843,210
8845,211
8847,212
8849,213
8853,215
8822,216
8824,217
8826,218
8828,219
8830,220
8832,221
8834,222
8836,223
8838,224
8840,225
8842,226
8844,227
8846,228
8848,229
8850,230
8852,231
8854,232
8734,233
8736,234
8738,235
8740,236
8742,237
8744,238
8746,239
8748,240
8750,241
8752,242
8754,243
8756,244
8758,245
8735,246
8737,247
8739,248
8741,249
8743,250
8745,251
8747,252
8749,253
8751,254
8753,255
8755,256
8757,257
8759,258
8762,259
8764,260
8766,261
8768,262
8770,263
8772,264
8774,265
8776,266
8778,267
8780,268
8782,269
8784,270
8786,271
8763,272
8765,273
8767,274
8769,275
8771,276
8773,277
8775,278
8777,279
8779,280
8781,281
8783,282
8785,283
8787,284
8658,285
8660,286
8662,287
8664,288
8666,289
8668,290
8670,291
8672,292
8674,293
8659,294
8661,295
8663,296
8665,297
8667,298
8669,299
8671,300
8673,301
8675,302
8579,303
8581,304
8583,305
8585,306
8587,307
8589,308
8591,309
8593,310
8595,311
8597,312
8856,313
8858,314
8860,315
8862,316
8864,317
8866,318
8868,319
8870,320
8872,321
8874,322
8876,323
8878,324
8880,325
8882,326
8884,327
8886,328
8888,329
8890,330
8857,331
8859,332
8861,333
8863,334
8865,335
8867,336
8869,337
8871,338
8873,339
8875,340
8877,341
8879,342
8881,343
8883,344
8885,345
8887,346
8889,347
8891,348
8892,349
8894,350
8896,351
8898,352
8900,353
8902,354
8904,355
8906,356
8908,357
8910,358
8912,359
8914,360
8916,361
8918,362
8920,363
8922,364
8924,365
8926,366
8893,367
8895,368
8897,369
8899,370
8901,371
8903,372
8905,373
8907,374
8909,375
8911,376
8913,377
8915,378
8917,379
8919,380
8921,381
8923,382
8925,383
8927,384
8928,385
8930,386
8932,387
8934,388
8936,389
8938,390
8940,391
8942,392
8944,393
8946,394
8948,395
8950,396
8952,397
8954,398
8956,399
8958,400
8960,401
8962,402
8964,403
8966,404
8929,405
8931,406
8933,407
8935,408
8937,409
8939,410
8941,411
8943,412
8945,413
8947,414
8949,415
8951,416
8953,417
8955,418
8957,419
8959,420
8961,421
8963,422
8965,423
8967,424
8509,425
8511,426
8513,427
8515,428
8517,429
8519,430
8521,431
8523,432
8525,433
8527,434
8529,435
8531,436
8533,437
8535,438
8537,439
8539,440
8541,441
8542,442
8544,443
8546,444
8548,445
8550,446
8552,447
8554,448
8556,449
8558,450
8560,451
8562,452
8564,453
8566,454
8568,455
8570,456
8572,457
8574,458
8576,459
8968,460
8969,461
8543,462
8545,463
8549,465
8551,466
8553,467
8555,468
8557,469
8559,470
8561,471
8565,473
8567,474
8569,475
8571,476
8573,477
8575,478
8577,479
8508,481
8598,482
8600,483
8602,484
8604,485
8606,486
8608,487
8610,488
8612,489
8614,490
8616,491
8704,492
8705,493
8760,494
8761,495
8788,3137
8855,3138
