6746,2
6748,3
6750,4
6752,5
6754,6
6756,7
6758,8
6760,9
6762,10
6764,11
6766,12
6768,13
6770,14
6772,15
6774,16
6776,17
6783,20
6799,28
6814,35
6816,36
6818,37
6820,38
6822,39
6824,40
6826,41
6828,42
6830,43
6832,44
6835,45
6837,46
6839,47
6841,48
6843,49
6845,50
6847,51
6849,52
6851,53
6853,54
6854,55
6856,56
6858,57
6860,58
6862,59
6864,60
6866,61
6868,62
6870,63
6872,64
6855,65
6857,66
6859,67
6861,68
6863,69
6865,70
6867,71
6869,72
6871,73
6873,74
6874,75
6876,76
6878,77
6880,78
6882,79
6884,80
6886,81
6888,82
6890,83
6892,84
6875,85
6877,86
6879,87
6881,88
6883,89
6885,90
6887,91
6889,92
6891,93
6893,94
6912,95
6914,96
6916,97
6918,98
6920,99
6922,100
6924,101
6926,102
6928,103
6930,104
6932,105
6934,106
6936,107
6938,108
6913,109
6915,110
6917,111
6919,112
6921,113
6923,114
6925,115
6927,116
6929,117
6931,118
6933,119
6935,120
6937,121
6939,122
6942,123
6944,124
6946,125
6948,126
6950,127
6952,128
6954,129
6956,130
6958,131
6960,132
6962,133
6964,134
6966,135
6968,136
6943,137
6945,138
6947,139
6949,140
6951,141
6953,142
6955,143
6957,144
6959,145
6961,146
6963,147
6965,148
6967,149
6969,150
7025,151
7027,152
7029,153
7031,154
7033,155
7035,156
7037,157
7039,158
7041,159
7043,160
7045,161
7047,162
7049,163
7051,164
7053,165
7055,166
7026,167
7028,168
7030,169
7032,170
7034,171
7036,172
7038,173
7040,174
7042,175
7044,176
7046,177
7048,178
7050,179
7052,180
7054,181
7056,182
7087,198
7057,199
7059,200
7061,201
7063,202
7065,203
7067,204
7069,205
7071,206
7073,207
7075,208
7077,209
7079,210
7081,211
7083,212
7085,213
7089,215
7058,216
7060,217
7062,218
7064,219
7066,220
7068,221
7070,222
7072,223
7074,224
7076,225
7078,226
7080,227
7082,228
7084,229
7086,230
7088,231
7090,232
6970,233
6972,234
6974,235
6976,236
6978,237
6980,238
6982,239
6984,240
6986,241
6988,242
6990,243
6992,244
6994,245
6971,246
6973,247
6975,248
6977,249
6979,250
6981,251
6983,252
6985,253
6987,254
6989,255
6991,256
6993,257
6995,258
6998,259
7000,260
7002,261
7004,262
7006,263
7008,264
7010,265
7012,266
7014,267
7016,268
7018,269
7020,270
7022,271
6999,272
7001,273
7003,274
7005,275
7007,276
7009,277
7011,278
7013,279
7015,280
7017,281
7019,282
7021,283
7023,284
6894,285
6896,286
6898,287
6900,288
6902,289
6904,290
6906,291
6908,292
6910,293
6895,294
6897,295
6899,296
6901,297
6903,298
6905,299
6907,300
6909,301
6911,302
6815,303
6817,304
6819,305
6821,306
6823,307
6825,308
6827,309
6829,310
6831,311
6833,312
7092,313
7094,314
7096,315
7098,316
7100,317
7102,318
7104,319
7106,320
7108,321
7110,322
7112,323
7114,324
7116,325
7118,326
7120,327
7122,328
7124,329
7126,330
7093,331
7095,332
7097,333
7099,334
7101,335
7103,336
7105,337
7107,338
7109,339
7111,340
7113,341
7115,342
7117,343
7119,344
7121,345
7123,346
7125,347
7127,348
7128,349
7130,350
7132,351
7134,352
7136,353
7138,354
7140,355
7142,356
7144,357
7146,358
7148,359
7150,360
7152,361
7154,362
7156,363
7158,364
7160,365
7162,366
7129,367
7131,368
7133,369
7135,370
7137,371
7139,372
7141,373
7143,374
7145,375
7147,376
7149,377
7151,378
7153,379
7155,380
7157,381
7159,382
7161,383
7163,384
7164,385
7166,386
7168,387
7170,388
7172,389
7174,390
7176,391
7178,392
7180,393
7182,394
7184,395
7186,396
7188,397
7190,398
7192,399
7194,400
7196,401
7198,402
7200,403
7202,404
7165,405
7167,406
7169,407
7171,408
7173,409
7175,410
7177,411
7179,412
7181,413
7183,414
7185,415
7187,416
7189,417
7191,418
7193,419
7195,420
7197,421
7199,422
7201,423
7203,424
6745,425
6747,426
6749,427
6751,428
6753,429
6755,430
6757,431
6759,432
6761,433
6763,434
6765,435
6767,436
6769,437
6771,438
6773,439
6775,440
6777,441
6778,442
6780,443
6782,444
6784,445
6786,446
6788,447
6790,448
6792,449
6794,450
6796,451
6798,452
6800,453
6802,454
6804,455
6806,456
6808,457
6810,458
6812,459
7204,460
7205,461
6779,462
6781,463
6785,465
6787,466
6789,467
6791,468
6793,469
6795,470
6797,471
6801,473
6803,474
6805,475
6807,476
6809,477
6811,478
6813,479
6744,481
6834,482
6836,483
6838,484
6840,485
6842,486
6844,487
6846,488
6848,489
6850,490
6852,491
6940,492
6941,493
6996,494
6997,495
7024,3137
7091,3138
