8048,2
8050,3
8052,4
8054,5
8056,6
8058,7
8060,8
8062,9
8064,10
8066,11
8068,12
8070,13
8072,14
8074,15
8076,16
8078,17
8085,20
8101,28
8116,35
8118,36
8120,37
8122,38
8124,39
8126,40
8128,41
8130,42
8132,43
8134,44
8137,45
8139,46
8141,47
8143,48
8145,49
8147,50
8149,51
8151,52
8153,53
8155,54
8156,55
8158,56
8160,57
8162,58
8164,59
8166,60
8168,61
8170,62
8172,63
8174,64
8157,65
8159,66
8161,67
8163,68
8165,69
8167,70
8169,71
8171,72
8173,73
8175,74
8176,75
8178,76
8180,77
8182,78
8184,79
8186,80
8188,81
8190,82
8192,83
8194,84
8177,85
8179,86
8181,87
8183,88
8185,89
8187,90
8189,91
8191,92
8193,93
8195,94
8214,95
8216,96
8218,97
8220,98
8222,99
8224,100
8226,101
8228,102
8230,103
8232,104
8234,105
8236,106
8238,107
8240,108
8215,109
8217,110
8219,111
8221,112
8223,113
8225,114
8227,115
8229,116
8231,117
8233,118
8235,119
8237,120
8239,121
8241,122
8244,123
8246,124
8248,125
8250,126
8252,127
8254,128
8256,129
8258,130
8260,131
8262,132
8264,133
8266,134
8268,135
8270,136
8245,137
8247,138
8249,139
8251,140
8253,141
8255,142
8257,143
8259,144
8261,145
8263,146
8265,147
8267,148
8269,149
8271,150
8327,151
8329,152
8331,153
8333,154
8335,155
8337,156
8339,157
8341,158
8343,159
8345,160
8347,161
8349,162
8351,163
8353,164
8355,165
8357,166
8328,167
8330,168
8332,169
8334,170
8336,171
8338,172
8340,173
8342,174
8344,175
8346,176
8348,177
8350,178
8352,179
8354,180
8356,181
8358,182
8389,198
8359,199
8361,200
8363,201
8365,202
8367,203
8369,204
8371,205
8373,206
8375,207
8377,208
8379,209
8381,210
8383,211
8385,212
8387,213
8391,215
8360,216
8362,217
8364,218
8366,219
8368,220
8370,221
8372,222
8374,223
8376,224
8378,225
8380,226
8382,227
8384,228
8386,229
8388,230
8390,231
8392,232
8272,233
8274,234
8276,235
8278,236
8280,237
8282,238
8284,239
8286,240
8288,241
8290,242
8292,243
8294,244
8296,245
8273,246
8275,247
8277,248
8279,249
8281,250
8283,251
8285,252
8287,253
8289,254
8291,255
8293,256
8295,257
8297,258
8300,259
8302,260
8304,261
8306,262
8308,263
8310,264
8312,265
8314,266
8316,267
8318,268
8320,269
8322,270
8324,271
8301,272
8303,273
8305,274
8307,275
8309,276
8311,277
8313,278
8315,279
8317,280
8319,281
8321,282
8323,283
8325,284
8196,285
8198,286
8200,287
8202,288
8204,289
8206,290
8208,291
8210,292
8212,293
8197,294
8199,295
8201,296
8203,297
8205,298
8207,299
8209,300
8211,301
8213,302
8117,303
8119,304
8121,305
8123,306
8125,307
8127,308
8129,309
8131,310
8133,311
8135,312
8394,313
8396,314
8398,315
8400,316
8402,317
8404,318
8406,319
8408,320
8410,321
8412,322
8414,323
8416,324
8418,325
8420,326
8422,327
8424,328
8426,329
8428,330
8395,331
8397,332
8399,333
8401,334
8403,335
8405,336
8407,337
8409,338
8411,339
8413,340
8415,341
8417,342
8419,343
8421,344
8423,345
8425,346
8427,347
8429,348
8430,349
8432,350
8434,351
8436,352
8438,353
8440,354
8442,355
8444,356
8446,357
8448,358
8450,359
8452,360
8454,361
8456,362
8458,363
8460,364
8462,365
8464,366
8431,367
8433,368
8435,369
8437,370
8439,371
8441,372
8443,373
8445,374
8447,375
8449,376
8451,377
8453,378
8455,379
8457,380
8459,381
8461,382
8463,383
8465,384
8466,385
8468,386
8470,387
8472,388
8474,389
8476,390
8478,391
8480,392
8482,393
8484,394
8486,395
8488,396
8490,397
8492,398
8494,399
8496,400
8498,401
8500,402
8502,403
8504,404
8467,405
8469,406
8471,407
8473,408
8475,409
8477,410
8479,411
8481,412
8483,413
8485,414
8487,415
8489,416
8491,417
8493,418
8495,419
8497,420
8499,421
8501,422
8503,423
8505,424
8047,425
8049,426
8051,427
8053,428
8055,429
8057,430
8059,431
8061,432
8063,433
8065,434
8067,435
8069,436
8071,437
8073,438
8075,439
8077,440
8079,441
8080,442
8082,443
8084,444
8086,445
8088,446
8090,447
8092,448
8094,449
8096,450
8098,451
8100,452
8102,453
8104,454
8106,455
8108,456
8110,457
8112,458
8114,459
8506,460
8507,461
8081,462
8083,463
8087,465
8089,466
8091,467
8093,468
8095,469
8097,470
8099,471
8103,473
8105,474
8107,475
8109,476
8111,477
8113,478
8115,479
8046,481
8136,482
8138,483
8140,484
8142,485
8144,486
8146,487
8148,488
8150,489
8152,490
8154,491
8242,492
8243,493
8298,494
8299,495
8326,3137
8393,3138
