7166,2
7168,3
7170,4
7172,5
7174,6
7176,7
7178,8
7180,9
7182,10
7184,11
7186,12
7188,13
7190,14
7192,15
7194,16
7196,17
7203,20
7219,28
7234,35
7236,36
7238,37
7240,38
7242,39
7244,40
7246,41
7248,42
7250,43
7252,44
7255,45
7257,46
7259,47
7261,48
7263,49
7265,50
7267,51
7269,52
7271,53
7273,54
7274,55
7276,56
7278,57
7280,58
7282,59
7284,60
7286,61
7288,62
7290,63
7292,64
7275,65
7277,66
7279,67
7281,68
7283,69
7285,70
7287,71
7289,72
7291,73
7293,74
7294,75
7296,76
7298,77
7300,78
7302,79
7304,80
7306,81
7308,82
7310,83
7312,84
7295,85
7297,86
7299,87
7301,88
7303,89
7305,90
7307,91
7309,92
7311,93
7313,94
7332,95
7334,96
7336,97
7338,98
7340,99
7342,100
7344,101
7346,102
7348,103
7350,104
7352,105
7354,106
7356,107
7358,108
7333,109
7335,110
7337,111
7339,112
7341,113
7343,114
7345,115
7347,116
7349,117
7351,118
7353,119
7355,120
7357,121
7359,122
7362,123
7364,124
7366,125
7368,126
7370,127
7372,128
7374,129
7376,130
7378,131
7380,132
7382,133
7384,134
7386,135
7388,136
7363,137
7365,138
7367,139
7369,140
7371,141
7373,142
7375,143
7377,144
7379,145
7381,146
7383,147
7385,148
7387,149
7389,150
7445,151
7447,152
7449,153
7451,154
7453,155
7455,156
7457,157
7459,158
7461,159
7463,160
7465,161
7467,162
7469,163
7471,164
7473,165
7475,166
7446,167
7448,168
7450,169
7452,170
7454,171
7456,172
7458,173
7460,174
7462,175
7464,176
7466,177
7468,178
7470,179
7472,180
7474,181
7476,182
7507,198
7477,199
7479,200
7481,201
7483,202
7485,203
7487,204
7489,205
7491,206
7493,207
7495,208
7497,209
7499,210
7501,211
7503,212
7505,213
7509,215
7478,216
7480,217
7482,218
7484,219
7486,220
7488,221
7490,222
7492,223
7494,224
7496,225
7498,226
7500,227
7502,228
7504,229
7506,230
7508,231
7510,232
7390,233
7392,234
7394,235
7396,236
7398,237
7400,238
7402,239
7404,240
7406,241
7408,242
7410,243
7412,244
7414,245
7391,246
7393,247
7395,248
7397,249
7399,250
7401,251
7403,252
7405,253
7407,254
7409,255
7411,256
7413,257
7415,258
7418,259
7420,260
7422,261
7424,262
7426,263
7428,264
7430,265
7432,266
7434,267
7436,268
7438,269
7440,270
7442,271
7419,272
7421,273
7423,274
7425,275
7427,276
7429,277
7431,278
7433,279
7435,280
7437,281
7439,282
7441,283
7443,284
7314,285
7316,286
7318,287
7320,288
7322,289
7324,290
7326,291
7328,292
7330,293
7315,294
7317,295
7319,296
7321,297
7323,298
7325,299
7327,300
7329,301
7331,302
7235,303
7237,304
7239,305
7241,306
7243,307
7245,308
7247,309
7249,310
7251,311
7253,312
7512,313
7514,314
7516,315
7518,316
7520,317
7522,318
7524,319
7526,320
7528,321
7530,322
7532,323
7534,324
7536,325
7538,326
7540,327
7542,328
7544,329
7546,330
7513,331
7515,332
7517,333
7519,334
7521,335
7523,336
7525,337
7527,338
7529,339
7531,340
7533,341
7535,342
7537,343
7539,344
7541,345
7543,346
7545,347
7547,348
7548,349
7550,350
7552,351
7554,352
7556,353
7558,354
7560,355
7562,356
7564,357
7566,358
7568,359
7570,360
7572,361
7574,362
7576,363
7578,364
7580,365
7582,366
7549,367
7551,368
7553,369
7555,370
7557,371
7559,372
7561,373
7563,374
7565,375
7567,376
7569,377
7571,378
7573,379
7575,380
7577,381
7579,382
7581,383
7583,384
7584,385
7586,386
7588,387
7590,388
7592,389
7594,390
7596,391
7598,392
7600,393
7602,394
7604,395
7606,396
7608,397
7610,398
7612,399
7614,400
7616,401
7618,402
7620,403
7622,404
7585,405
7587,406
7589,407
7591,408
7593,409
7595,410
7597,411
7599,412
7601,413
7603,414
7605,415
7607,416
7609,417
7611,418
7613,419
7615,420
7617,421
7619,422
7621,423
7623,424
7165,425
7167,426
7169,427
7171,428
7173,429
7175,430
7177,431
7179,432
7181,433
7183,434
7185,435
7187,436
7189,437
7191,438
7193,439
7195,440
7197,441
7198,442
7200,443
7202,444
7204,445
7206,446
7208,447
7210,448
7212,449
7214,450
7216,451
7218,452
7220,453
7222,454
7224,455
7226,456
7228,457
7230,458
7232,459
7624,460
7625,461
7199,462
7201,463
7205,465
7207,466
7209,467
7211,468
7213,469
7215,470
7217,471
7221,473
7223,474
7225,475
7227,476
7229,477
7231,478
7233,479
7164,481
7254,482
7256,483
7258,484
7260,485
7262,486
7264,487
7266,488
7268,489
7270,490
7272,491
7360,492
7361,493
7416,494
7417,495
7444,3137
7511,3138
