5864,2
5866,3
5868,4
5870,5
5872,6
5874,7
5876,8
5878,9
5880,10
5882,11
5884,12
5886,13
5888,14
5890,15
5892,16
5894,17
5901,20
5917,28
5932,35
5934,36
5936,37
5938,38
5940,39
5942,40
5944,41
5946,42
5948,43
5950,44
5953,45
5955,46
5957,47
5959,48
5961,49
5963,50
5965,51
5967,52
5969,53
5971,54
5972,55
5974,56
5976,57
5978,58
5980,59
5982,60
5984,61
5986,62
5988,63
5990,64
5973,65
5975,66
5977,67
5979,68
5981,69
5983,70
5985,71
5987,72
5989,73
5991,74
5992,75
5994,76
5996,77
5998,78
6000,79
6002,80
6004,81
6006,82
6008,83
6010,84
5993,85
5995,86
5997,87
5999,88
6001,89
6003,90
6005,91
6007,92
6009,93
6011,94
6030,95
6032,96
6034,97
6036,98
6038,99
6040,100
6042,101
6044,102
6046,103
6048,104
6050,105
6052,106
6054,107
6056,108
6031,109
6033,110
6035,111
6037,112
6039,113
6041,114
6043,115
6045,116
6047,117
6049,118
6051,119
6053,120
6055,121
6057,122
6060,123
6062,124
6064,125
6066,126
6068,127
6070,128
6072,129
6074,130
6076,131
6078,132
6080,133
6082,134
6084,135
6086,136
6061,137
6063,138
6065,139
6067,140
6069,141
6071,142
6073,143
6075,144
6077,145
6079,146
6081,147
6083,148
6085,149
6087,150
6143,151
6145,152
6147,153
6149,154
6151,155
6153,156
6155,157
6157,158
6159,159
6161,160
6163,161
6165,162
6167,163
6169,164
6171,165
6173,166
6144,167
6146,168
6148,169
6150,170
6152,171
6154,172
6156,173
6158,174
6160,175
6162,176
6164,177
6166,178
6168,179
6170,180
6172,181
6174,182
6205,198
6175,199
6177,200
6179,201
6181,202
6183,203
6185,204
6187,205
6189,206
6191,207
6193,208
6195,209
6197,210
6199,211
6201,212
6203,213
6207,215
6176,216
6178,217
6180,218
6182,219
6184,220
6186,221
6188,222
6190,223
6192,224
6194,225
6196,226
6198,227
6200,228
6202,229
6204,230
6206,231
6208,232
6088,233
6090,234
6092,235
6094,236
6096,237
6098,238
6100,239
6102,240
6104,241
6106,242
6108,243
6110,244
6112,245
6089,246
6091,247
6093,248
6095,249
6097,250
6099,251
6101,252
6103,253
6105,254
6107,255
6109,256
6111,257
6113,258
6116,259
6118,260
6120,261
6122,262
6124,263
6126,264
6128,265
6130,266
6132,267
6134,268
6136,269
6138,270
6140,271
6117,272
6119,273
6121,274
6123,275
6125,276
6127,277
6129,278
6131,279
6133,280
6135,281
6137,282
6139,283
6141,284
6012,285
6014,286
6016,287
6018,288
6020,289
6022,290
6024,291
6026,292
6028,293
6013,294
6015,295
6017,296
6019,297
6021,298
6023,299
6025,300
6027,301
6029,302
5933,303
5935,304
5937,305
5939,306
5941,307
5943,308
5945,309
5947,310
5949,311
5951,312
6210,313
6212,314
6214,315
6216,316
6218,317
6220,318
6222,319
6224,320
6226,321
6228,322
6230,323
6232,324
6234,325
6236,326
6238,327
6240,328
6242,329
6244,330
6211,331
6213,332
6215,333
6217,334
6219,335
6221,336
6223,337
6225,338
6227,339
6229,340
6231,341
6233,342
6235,343
6237,344
6239,345
6241,346
6243,347
6245,348
6246,349
6248,350
6250,351
6252,352
6254,353
6256,354
6258,355
6260,356
6262,357
6264,358
6266,359
6268,360
6270,361
6272,362
6274,363
6276,364
6278,365
6280,366
6247,367
6249,368
6251,369
6253,370
6255,371
6257,372
6259,373
6261,374
6263,375
6265,376
6267,377
6269,378
6271,379
6273,380
6275,381
6277,382
6279,383
6281,384
6282,385
6284,386
6286,387
6288,388
6290,389
6292,390
6294,391
6296,392
6298,393
6300,394
6302,395
6304,396
6306,397
6308,398
6310,399
6312,400
6314,401
6316,402
6318,403
6320,404
6283,405
6285,406
6287,407
6289,408
6291,409
6293,410
6295,411
6297,412
6299,413
6301,414
6303,415
6305,416
6307,417
6309,418
6311,419
6313,420
6315,421
6317,422
6319,423
6321,424
5863,425
5865,426
5867,427
5869,428
5871,429
5873,430
5875,431
5877,432
5879,433
5881,434
5883,435
5885,436
5887,437
5889,438
5891,439
5893,440
5895,441
5896,442
5898,443
5900,444
5902,445
5904,446
5906,447
5908,448
5910,449
5912,450
5914,451
5916,452
5918,453
5920,454
5922,455
5924,456
5926,457
5928,458
5930,459
6322,460
6323,461
5897,462
5899,463
5903,465
5905,466
5907,467
5909,468
5911,469
5913,470
5915,471
5919,473
5921,474
5923,475
5925,476
5927,477
5929,478
5931,479
5862,481
5952,482
5954,483
5956,484
5958,485
5960,486
5962,487
5964,488
5966,489
5968,490
5970,491
6058,492
6059,493
6114,494
6115,495
6142,3137
6209,3138
