6326,2
6328,3
6330,4
6332,5
6334,6
6336,7
6338,8
6340,9
6342,10
6344,11
6346,12
6348,13
6350,14
6352,15
6354,16
6356,17
6363,20
6379,28
6394,35
6396,36
6398,37
6400,38
6402,39
6404,40
6406,41
6408,42
6410,43
6412,44
6415,45
6417,46
6419,47
6421,48
6423,49
6425,50
6427,51
6429,52
6431,53
6433,54
6434,55
6436,56
6438,57
6440,58
6442,59
6444,60
6446,61
6448,62
6450,63
6452,64
6435,65
6437,66
6439,67
6441,68
6443,69
6445,70
6447,71
6449,72
6451,73
6453,74
6454,75
6456,76
6458,77
6460,78
6462,79
6464,80
6466,81
6468,82
6470,83
6472,84
6455,85
6457,86
6459,87
6461,88
6463,89
6465,90
6467,91
6469,92
6471,93
6473,94
6492,95
6494,96
6496,97
6498,98
6500,99
6502,100
6504,101
6506,102
6508,103
6510,104
6512,105
6514,106
6516,107
6518,108
6493,109
6495,110
6497,111
6499,112
6501,113
6503,114
6505,115
6507,116
6509,117
6511,118
6513,119
6515,120
6517,121
6519,122
6522,123
6524,124
6526,125
6528,126
6530,127
6532,128
6534,129
6536,130
6538,131
6540,132
6542,133
6544,134
6546,135
6548,136
6523,137
6525,138
6527,139
6529,140
6531,141
6533,142
6535,143
6537,144
6539,145
6541,146
6543,147
6545,148
6547,149
6549,150
6605,151
6607,152
6609,153
6611,154
6613,155
6615,156
6617,157
6619,158
6621,159
6623,160
6625,161
6627,162
6629,163
6631,164
6633,165
6635,166
6606,167
6608,168
6610,169
6612,170
6614,171
6616,172
6618,173
6620,174
6622,175
6624,176
6626,177
6628,178
6630,179
6632,180
6634,181
6636,182
6667,198
6637,199
6639,200
6641,201
6643,202
6645,203
6647,204
6649,205
6651,206
6653,207
6655,208
6657,209
6659,210
6661,211
6663,212
6665,213
6669,215
6638,216
6640,217
6642,218
6644,219
6646,220
6648,221
6650,222
6652,223
6654,224
6656,225
6658,226
6660,227
6662,228
6664,229
6666,230
6668,231
6670,232
6550,233
6552,234
6554,235
6556,236
6558,237
6560,238
6562,239
6564,240
6566,241
6568,242
6570,243
6572,244
6574,245
6551,246
6553,247
6555,248
6557,249
6559,250
6561,251
6563,252
6565,253
6567,254
6569,255
6571,256
6573,257
6575,258
6578,259
6580,260
6582,261
6584,262
6586,263
6588,264
6590,265
6592,266
6594,267
6596,268
6598,269
6600,270
6602,271
6579,272
6581,273
6583,274
6585,275
6587,276
6589,277
6591,278
6593,279
6595,280
6597,281
6599,282
6601,283
6603,284
6474,285
6476,286
6478,287
6480,288
6482,289
6484,290
6486,291
6488,292
6490,293
6475,294
6477,295
6479,296
6481,297
6483,298
6485,299
6487,300
6489,301
6491,302
6395,303
6397,304
6399,305
6401,306
6403,307
6405,308
6407,309
6409,310
6411,311
6413,312
6672,313
6674,314
6676,315
6678,316
6680,317
6682,318
6684,319
6686,320
6688,321
6690,322
6692,323
6694,324
6696,325
6698,326
6700,327
6702,328
6704,329
6706,330
6673,331
6675,332
6677,333
6679,334
6681,335
6683,336
6685,337
6687,338
6689,339
6691,340
6693,341
6695,342
6697,343
6699,344
6701,345
6703,346
6705,347
6707,348
6708,349
6710,350
6712,351
6714,352
6716,353
6718,354
6720,355
6722,356
6724,357
6726,358
6728,359
6730,360
6732,361
6734,362
6736,363
6738,364
6740,365
6742,366
6709,367
6711,368
6713,369
6715,370
6717,371
6719,372
6721,373
6723,374
6725,375
6727,376
6729,377
6731,378
6733,379
6735,380
6737,381
6739,382
6741,383
6743,384
6744,385
6746,386
6748,387
6750,388
6752,389
6754,390
6756,391
6758,392
6760,393
6762,394
6764,395
6766,396
6768,397
6770,398
6772,399
6774,400
6776,401
6778,402
6780,403
6782,404
6745,405
6747,406
6749,407
6751,408
6753,409
6755,410
6757,411
6759,412
6761,413
6763,414
6765,415
6767,416
6769,417
6771,418
6773,419
6775,420
6777,421
6779,422
6781,423
6783,424
6325,425
6327,426
6329,427
6331,428
6333,429
6335,430
6337,431
6339,432
6341,433
6343,434
6345,435
6347,436
6349,437
6351,438
6353,439
6355,440
6357,441
6358,442
6360,443
6362,444
6364,445
6366,446
6368,447
6370,448
6372,449
6374,450
6376,451
6378,452
6380,453
6382,454
6384,455
6386,456
6388,457
6390,458
6392,459
6784,460
6785,461
6359,462
6361,463
6365,465
6367,466
6369,467
6371,468
6373,469
6375,470
6377,471
6381,473
6383,474
6385,475
6387,476
6389,477
6391,478
6393,479
6324,481
6414,482
6416,483
6418,484
6420,485
6422,486
6424,487
6426,488
6428,489
6430,490
6432,491
6520,492
6521,493
6576,494
6577,495
6604,3137
6671,3138
